season,team,played,won,draw,lost,goals_for,goals_against,goal_difference,points,home_games_played,away_games_played,home_goals_for,home_goals_against,away_goals_for,away_goals_against,home_wins,home_draws,home_losses,away_wins,away_draws,away_losses,season_form
2005-2006,Chelsea,38,29,4,5,72,22,50,91,19,19,47,9,25,13,18,1,0,11,3,5,"L,L,W,W,W,W,D,W,L,W,W,W,L,W,D,D,W,W,W,W,W,W,W,W,W,W,L,W,D,W,W,W,W,W,W,W,W,W"
2005-2006,Man Utd,38,25,8,5,72,34,38,83,19,19,37,8,35,26,13,5,1,12,3,4,"W,D,L,W,D,W,W,W,W,W,W,W,W,W,L,W,L,D,W,D,W,W,W,D,W,W,W,W,L,D,W,W,L,D,D,W,W,W"
2005-2006,Liverpool,38,25,7,6,57,25,32,82,19,19,32,8,25,17,15,3,1,10,4,5,"W,W,W,W,W,W,W,W,W,L,D,W,W,W,L,L,D,L,W,D,W,W,W,W,W,W,W,W,W,W,L,W,L,D,D,D,W,D"
2005-2006,Arsenal,38,20,7,11,68,31,37,67,19,19,48,13,20,18,14,3,2,6,4,9,"W,W,W,D,W,D,L,W,W,W,W,L,L,D,W,L,L,W,D,D,W,W,L,L,L,W,W,W,D,W,L,W,D,W,L,W,L,W"
2005-2006,Spurs,38,18,11,9,53,38,15,65,19,19,31,16,22,22,12,5,2,6,6,7,"L,W,D,L,W,W,L,W,W,L,W,D,D,W,L,D,L,W,W,L,W,D,W,W,W,D,L,D,D,W,W,W,D,D,L,D,W,W"
2005-2006,Blackburn,38,19,6,13,51,42,9,63,19,19,31,17,20,25,13,3,3,6,3,10,"W,W,W,L,L,D,D,W,W,W,L,W,W,L,L,W,W,D,W,W,W,L,W,L,L,D,W,L,W,L,W,W,L,D,L,D,W,L"
2005-2006,Newcastle,38,17,7,14,47,42,5,58,19,19,28,15,19,27,11,5,3,6,2,11,"W,D,W,W,W,W,W,L,L,L,W,W,D,W,W,L,L,L,D,L,L,W,W,D,L,L,W,W,W,L,D,W,W,D,L,L,D,L"
2005-2006,Bolton,38,15,11,12,49,41,8,56,19,19,29,13,20,28,11,5,3,4,6,9,"W,D,L,W,D,L,L,L,L,L,W,W,L,W,D,D,D,W,D,D,L,D,W,D,W,L,W,W,W,L,L,W,W,D,W,W,L,D"
2005-2006,West Ham,38,16,7,15,52,55,-3,55,19,19,30,25,22,30,9,3,7,7,4,8,"W,W,L,L,W,L,D,L,W,L,L,D,W,W,W,W,W,L,L,L,D,L,W,L,W,L,D,W,L,W,L,D,D,W,W,L,D,W"
2005-2006,Wigan,38,15,6,17,45,52,-7,51,19,19,24,26,21,26,7,3,9,8,3,8,"L,L,L,W,L,D,D,L,W,W,L,D,L,D,D,W,L,L,L,W,W,W,L,L,L,L,L,W,W,W,W,W,W,D,W,W,L,L"
2005-2006,Everton,38,14,8,16,34,49,-15,50,19,19,22,22,12,27,8,4,7,6,4,9,"D,W,D,L,L,D,D,L,W,W,D,L,W,W,D,W,W,W,W,L,L,L,L,D,W,W,L,W,W,D,L,L,L,L,L,L,W,L"
2005-2006,Fulham,38,14,6,18,48,58,-10,48,19,19,31,21,17,37,13,2,4,1,4,14,"W,L,W,W,W,L,D,W,L,L,L,L,W,L,W,L,W,W,L,D,L,W,L,D,W,L,W,L,W,D,L,L,L,D,W,L,L,D"
2005-2006,Charlton,38,13,8,17,41,55,-14,47,19,19,22,21,19,34,8,4,7,5,4,10,"L,L,L,W,L,D,D,W,L,W,D,D,D,L,W,L,D,D,W,L,W,L,L,W,L,L,L,L,L,W,D,L,W,L,W,W,W,W"
2005-2006,Middlesbrough,38,12,9,17,48,58,-10,45,19,19,28,30,20,28,7,5,7,5,4,10,"L,D,D,L,W,L,L,W,W,L,L,W,W,W,L,W,L,L,D,D,L,D,L,L,D,W,L,W,L,D,W,L,D,W,L,W,L,D"
2005-2006,Man City,38,13,4,21,43,48,-5,43,19,19,26,20,17,28,9,2,8,4,2,13,"L,L,L,W,L,L,L,L,L,L,W,L,W,L,W,L,W,L,D,L,L,W,L,W,L,D,L,W,L,W,W,L,L,D,W,W,W,D"
2005-2006,Aston Villa,38,10,12,16,42,55,-13,42,19,19,20,20,22,35,6,6,7,4,6,9,"W,L,L,L,W,D,L,D,L,L,W,D,L,W,D,D,L,W,D,D,W,L,D,D,W,W,L,L,L,W,L,L,D,L,W,D,L,D"
2005-2006,Portsmouth,38,10,8,20,37,62,-25,38,19,19,17,24,20,38,5,7,7,5,1,13,"L,W,W,L,W,D,D,W,W,W,L,L,L,L,D,L,L,L,W,L,D,W,L,L,L,L,L,W,L,D,D,L,D,W,L,D,L,L"
2005-2006,Birmingham,38,8,10,20,28,50,-22,34,19,19,19,20,9,30,6,5,8,2,5,12,"L,D,D,W,L,D,W,D,L,L,D,L,W,L,L,D,W,L,W,L,D,L,L,W,L,W,L,L,L,L,L,D,D,L,W,L,L,D"
2005-2006,West Brom,38,7,9,22,31,58,-27,30,19,19,21,24,10,34,6,2,11,1,7,11,"D,L,L,D,L,D,L,L,L,D,L,L,L,W,D,L,W,L,L,W,L,L,W,D,D,W,L,L,L,W,L,L,D,L,L,L,W,D"
2005-2006,Sunderland,38,3,6,29,26,69,-43,15,19,19,12,37,14,32,1,4,14,2,2,15,"L,W,L,L,L,D,D,L,L,L,L,L,L,D,L,L,W,L,L,L,D,L,L,L,L,L,L,L,L,L,D,W,D,L,L,L,L,L"
2004-2005,Chelsea,38,29,8,1,72,15,57,95,19,19,35,6,37,9,14,5,0,15,3,1,"D,W,W,W,W,D,D,W,W,W,W,W,D,W,W,W,W,W,W,W,W,D,W,W,D,W,W,W,W,L,W,W,D,D,W,W,W,W"
2004-2005,Arsenal,38,25,8,5,87,36,51,83,19,19,54,19,33,17,13,5,1,12,3,4,"L,W,W,W,W,D,W,W,W,W,D,W,W,L,W,L,D,W,W,W,W,D,W,L,D,W,D,D,L,W,W,W,D,W,W,W,W,W"
2004-2005,Man Utd,38,22,11,5,58,26,32,77,19,19,31,12,27,14,12,6,1,10,5,4,"W,L,D,W,W,L,L,D,W,D,W,W,W,W,W,W,D,W,W,W,W,D,W,W,W,W,D,L,W,D,D,W,W,D,D,D,W,L"
2004-2005,Everton,38,18,7,13,45,46,-1,61,19,19,24,15,21,31,12,2,5,6,5,8,"L,L,W,L,D,W,W,L,L,L,W,L,D,W,L,D,W,L,L,W,D,W,W,D,W,W,L,D,W,W,L,W,W,W,D,W,W,L"
2004-2005,Bolton,38,16,10,12,49,44,5,58,19,19,25,18,24,26,9,5,5,7,5,7,"W,D,L,D,D,W,W,L,W,W,L,D,W,W,W,W,W,D,L,L,L,L,L,L,D,L,D,W,W,W,L,D,D,D,W,W,L,W"
2004-2005,Liverpool,38,17,7,14,52,41,11,58,19,19,31,15,21,26,12,4,3,5,3,11,"W,L,D,L,W,D,L,W,W,D,L,L,W,W,L,L,W,L,W,W,W,D,L,D,W,L,W,L,D,W,W,L,W,L,W,L,W,D"
2004-2005,Middlesbrough,38,14,13,11,53,46,7,55,19,19,29,19,24,27,9,6,4,5,7,7,"D,W,D,D,W,D,L,W,L,L,D,D,W,L,D,D,L,L,W,L,W,D,W,L,W,W,D,W,D,W,D,L,L,W,W,W,L,D"
2004-2005,Man City,38,13,13,12,47,39,8,52,19,19,24,14,23,25,8,6,5,5,7,7,"D,W,W,D,W,D,W,D,L,L,W,L,D,D,L,W,D,W,D,L,W,L,L,W,W,D,D,D,L,W,D,L,W,L,W,L,L,D"
2004-2005,Spurs,38,14,10,14,47,41,6,52,19,19,36,22,11,19,9,5,5,5,5,9,"D,L,W,L,D,D,W,D,W,L,L,W,W,L,L,L,D,W,D,W,W,W,W,W,L,L,L,L,L,L,W,L,D,D,W,D,W,D"
2004-2005,Aston Villa,38,12,11,15,45,52,-7,47,19,19,26,17,19,35,8,6,5,4,5,10,"L,L,L,D,D,W,D,W,L,W,L,W,L,D,L,W,L,W,L,L,L,L,D,L,W,W,W,D,W,L,D,D,D,D,W,L,D,W"
2004-2005,Charlton,38,12,10,16,42,58,-16,46,19,19,29,29,13,29,8,4,7,4,6,9,"D,L,L,L,D,L,L,D,L,W,D,D,D,L,W,W,L,L,W,D,W,W,W,L,L,W,W,L,L,D,L,W,D,D,L,W,W,L"
2004-2005,Birmingham,38,11,12,15,40,46,-6,45,19,19,24,15,16,31,8,6,5,3,6,10,"W,L,W,D,L,D,D,D,W,L,L,W,L,W,L,L,L,L,W,W,W,W,L,D,D,L,W,L,D,D,D,D,D,L,L,W,L,D"
2004-2005,Fulham,38,12,8,18,52,60,-8,44,19,19,29,26,23,34,8,4,7,4,4,11,"W,W,L,W,L,D,D,L,W,L,D,L,L,D,W,W,D,W,L,L,L,D,W,L,L,L,W,W,L,L,L,W,D,L,L,L,W,D"
2004-2005,Newcastle,38,10,14,14,47,57,-10,44,19,19,25,25,22,32,7,7,5,3,7,9,"D,L,W,D,D,L,L,L,L,D,W,W,D,D,L,W,D,W,L,D,L,D,L,D,W,L,L,L,W,D,D,W,W,W,L,D,L,D"
2004-2005,Blackburn,38,9,15,14,32,43,-11,42,19,19,21,22,11,21,5,8,6,4,7,8,"D,L,L,D,D,W,W,D,L,D,W,W,L,L,L,W,W,L,W,D,D,D,L,W,D,D,D,D,L,L,D,L,W,L,D,L,L,D"
2004-2005,Portsmouth,38,10,9,19,43,59,-16,39,19,19,30,26,13,33,8,4,7,2,5,12,"L,D,L,W,L,D,W,L,D,L,L,L,L,W,L,L,L,D,L,W,L,D,D,W,W,L,L,L,W,D,W,D,L,L,W,W,L,D"
2004-2005,West Brom,38,6,16,16,36,61,-25,34,19,19,17,24,19,37,5,8,6,1,8,10,"W,D,L,D,L,D,D,W,W,L,W,D,L,D,W,L,D,D,D,L,L,L,L,L,D,L,D,L,L,D,W,L,D,L,L,D,D,D"
2004-2005,Crystal Palace,38,7,12,19,41,62,-21,33,19,19,21,19,20,43,6,5,8,1,7,11,"D,D,D,W,L,D,L,L,L,D,W,L,L,D,W,L,W,L,D,L,L,D,L,D,L,L,D,W,W,L,W,D,L,L,L,L,L,D"
2004-2005,Norwich,38,7,12,19,42,77,-35,33,19,19,29,32,13,45,7,5,7,0,7,12,"L,W,L,W,W,D,W,L,L,L,L,L,W,L,D,L,L,D,L,L,L,W,L,D,W,L,D,D,L,D,D,L,D,D,L,D,L,D"
2004-2005,Southampton,38,6,14,18,45,66,-21,32,19,19,30,30,15,36,5,9,5,1,5,13,"L,D,W,L,D,L,L,L,W,W,D,D,D,L,W,L,D,L,L,D,L,D,L,D,L,W,D,D,D,L,D,L,L,D,L,L,W,L"
2003-2004,Arsenal,38,26,12,0,73,26,47,90,19,19,40,14,33,12,15,4,0,11,8,0,"W,W,D,D,D,W,D,W,D,W,W,W,W,W,W,W,W,W,D,W,W,D,W,D,D,W,W,W,D,W,W,W,D,D,W,W,W,W"
2003-2004,Chelsea,38,24,7,7,67,30,37,79,19,19,34,13,33,17,12,4,3,12,3,4,"W,D,W,L,D,L,D,W,W,W,W,W,L,W,W,W,D,W,L,W,L,W,L,D,W,W,W,W,W,L,D,W,W,W,W,D,W,W"
2003-2004,Man Utd,38,23,6,9,64,35,29,75,19,19,37,15,27,20,12,4,3,11,2,6,"W,D,L,L,W,L,W,W,D,W,L,D,D,L,W,W,L,D,W,W,W,W,W,W,L,W,W,W,L,W,W,W,D,W,L,W,W,W"
2003-2004,Liverpool,38,16,12,10,55,37,18,60,19,19,29,15,26,22,10,4,5,6,8,5,"D,W,W,W,D,L,L,W,D,W,W,L,D,W,D,D,D,L,W,W,D,W,L,D,W,D,L,W,W,L,L,L,W,W,W,D,D,L"
2003-2004,Aston Villa,38,15,11,12,48,44,4,56,19,19,24,19,24,25,9,6,4,6,5,8,"L,D,W,W,D,W,D,D,W,L,W,L,D,W,W,W,L,L,W,W,D,W,W,L,W,L,L,D,D,D,D,L,W,L,W,L,D,L"
2003-2004,Newcastle,38,13,17,8,52,40,12,56,19,19,33,14,19,26,11,5,3,2,12,5,"D,D,D,L,W,D,D,W,L,W,L,D,W,D,W,D,W,D,W,L,D,D,W,D,D,W,L,D,W,W,W,W,L,D,D,L,L,D"
2003-2004,Bolton,38,14,11,13,48,56,-8,53,19,19,24,21,24,35,6,8,5,8,3,8,"L,W,W,W,W,W,D,L,W,L,L,L,L,D,D,W,W,W,L,D,L,D,W,L,W,W,D,W,L,L,D,D,D,W,D,L,D,L"
2003-2004,Charlton,38,14,11,13,51,51,0,53,19,19,29,29,22,22,7,6,6,7,5,7,"W,D,D,L,L,D,W,D,L,L,W,L,W,L,L,L,W,W,D,W,W,D,D,L,L,D,W,W,D,W,W,W,L,L,D,D,W,L"
2003-2004,Fulham,38,14,10,14,52,46,6,52,19,19,29,21,23,25,9,4,6,5,6,8,"W,L,D,W,D,L,W,D,D,L,W,D,L,L,D,W,L,W,L,L,W,L,L,W,D,W,L,L,W,L,D,W,W,D,D,W,L,W"
2003-2004,Birmingham,38,12,14,12,43,48,-5,50,19,19,26,24,17,24,8,5,6,4,9,6,"D,L,D,D,D,L,L,D,W,L,L,W,W,D,W,D,D,D,W,L,L,W,W,L,L,L,D,L,W,D,D,L,W,W,D,W,D,W"
2003-2004,Middlesbrough,38,13,9,16,44,52,-8,48,19,19,25,23,19,29,8,4,7,5,5,9,"L,W,L,L,L,W,D,W,D,W,L,W,L,L,W,L,W,D,L,W,L,D,D,D,W,D,W,W,D,L,L,W,W,L,L,D,L,L"
2003-2004,Southampton,38,12,11,15,44,45,-1,47,19,19,24,17,20,28,8,6,5,4,5,10,"L,D,D,L,L,W,L,W,W,L,W,D,D,L,D,L,W,L,D,L,L,W,W,W,L,L,D,L,W,D,L,L,W,W,W,D,D,D"
2003-2004,Portsmouth,38,12,9,17,47,54,-7,45,19,19,35,19,12,35,10,4,5,2,5,12,"W,L,D,D,W,W,W,D,W,W,L,L,D,L,L,D,L,W,L,L,W,L,L,D,L,L,W,L,L,W,L,L,L,D,D,W,D,W"
2003-2004,Spurs,38,13,6,19,47,57,-10,45,19,19,33,27,14,30,9,4,6,4,2,13,"W,W,L,D,L,D,L,L,L,L,W,L,D,W,W,L,W,W,W,L,L,L,L,W,L,W,L,L,D,W,W,D,L,L,L,D,W,L"
2003-2004,Blackburn,38,12,8,18,51,59,-8,44,19,19,25,31,26,28,5,4,10,7,4,8,"D,L,W,W,W,W,L,L,L,W,L,D,L,D,W,L,D,L,D,W,D,L,L,W,W,L,W,L,L,L,L,L,W,L,D,L,D,W"
2003-2004,Man City,38,9,14,15,55,54,1,41,19,19,31,24,24,30,5,9,5,4,5,10,"W,L,W,D,L,D,D,D,D,L,W,L,W,L,D,L,D,L,D,D,L,D,L,D,L,L,L,W,L,W,L,D,D,W,L,W,D,W"
2003-2004,Everton,38,9,12,17,45,57,-12,39,19,19,27,20,18,37,8,5,6,1,7,11,"L,L,L,L,D,D,W,L,D,D,W,W,D,L,L,D,L,L,D,W,L,W,W,D,L,W,L,L,D,D,L,W,L,D,L,D,W,L"
2003-2004,Leeds,38,8,9,21,40,79,-39,33,19,19,25,31,15,48,5,7,7,3,2,14,"L,D,L,L,L,D,W,W,L,W,L,D,D,W,L,L,L,L,L,L,D,D,W,D,W,L,L,L,L,L,W,L,L,L,W,D,L,D"
2003-2004,Leicester,38,6,15,17,48,65,-17,33,19,19,19,28,29,37,3,10,6,3,5,11,"L,W,D,D,L,L,L,L,D,D,W,D,D,D,L,L,D,L,D,D,D,L,L,D,W,D,W,W,L,L,L,L,L,W,L,D,L,D"
2003-2004,Wolves,38,7,12,19,38,77,-39,33,19,19,23,35,15,42,7,5,7,0,7,12,"L,D,W,D,W,L,D,L,L,L,L,D,W,L,L,D,D,W,L,D,W,L,L,L,D,L,D,L,W,D,W,D,L,L,D,L,L,L"
2002-2003,Man Utd,38,25,8,5,74,34,40,83,19,19,42,12,32,22,16,2,1,9,6,4,"W,W,W,W,D,W,W,W,W,W,D,D,W,W,W,W,W,W,L,L,W,W,W,W,D,L,W,D,D,W,W,W,L,L,W,D,D,W"
2002-2003,Arsenal,38,23,9,6,85,42,43,78,19,19,47,20,38,22,15,2,2,8,7,4,"W,W,L,D,W,D,D,W,L,W,W,D,W,D,W,W,W,D,W,W,D,L,W,L,W,W,W,L,L,W,W,W,W,W,D,W,D,W"
2002-2003,Newcastle,38,21,6,11,63,48,15,69,19,19,36,17,27,31,15,2,2,6,4,9,"D,W,W,D,L,L,L,W,W,L,W,W,D,W,W,W,D,W,W,L,W,D,W,W,L,W,L,W,W,L,W,W,W,L,L,D,L,W"
2002-2003,Chelsea,38,19,10,9,68,38,30,67,19,19,41,15,27,23,12,5,2,7,5,7,"W,L,D,W,L,W,W,W,W,L,L,W,D,W,L,W,L,L,D,W,D,W,W,D,W,W,D,W,W,L,L,D,W,W,D,D,D,W"
2002-2003,Liverpool,38,18,10,10,61,41,20,64,19,19,30,16,31,25,9,8,2,9,2,8,"L,L,W,W,W,W,L,W,W,W,L,D,W,D,W,D,L,D,D,D,L,L,L,L,D,L,W,W,W,W,W,W,W,D,D,D,W,W"
2002-2003,Blackburn,38,16,12,10,52,43,9,60,19,19,24,15,28,28,9,7,3,7,5,7,"W,D,W,D,L,W,W,L,W,W,W,W,L,L,D,D,W,D,D,W,L,D,W,L,L,D,D,W,W,L,W,W,D,L,L,D,W,D"
2002-2003,Everton,38,17,8,13,48,49,-1,59,19,19,28,19,20,30,11,5,3,6,3,10,"L,L,W,L,L,W,W,L,D,D,W,L,W,W,W,L,D,D,D,D,W,L,L,W,W,W,W,W,W,L,W,L,W,L,L,D,W,D"
2002-2003,Southampton,38,13,13,12,43,46,-3,52,19,19,25,16,18,30,9,8,2,4,5,10,"W,L,D,L,L,W,D,D,D,W,L,L,L,W,L,D,W,W,D,D,D,W,W,W,L,D,L,W,W,W,D,D,L,W,L,D,L,D"
2002-2003,Man City,38,15,6,17,47,54,-7,51,19,19,28,26,19,28,9,2,8,6,4,9,"L,W,L,W,W,D,L,L,W,L,L,D,L,W,L,W,D,W,W,L,D,W,W,L,L,W,W,W,L,L,L,D,D,L,W,L,W,L"
2002-2003,Spurs,38,14,8,16,51,62,-11,50,19,19,30,29,21,33,9,4,6,5,4,10,"L,L,L,W,L,D,W,L,L,L,D,W,D,L,W,W,L,L,D,W,D,W,D,W,L,L,D,L,W,W,L,L,W,L,W,W,W,D"
2002-2003,Charlton,38,14,7,17,45,56,-11,49,19,19,26,30,19,26,8,3,8,6,4,9,"L,L,W,L,L,L,L,D,L,L,W,W,W,W,W,D,L,W,D,D,D,W,W,W,W,L,D,L,W,L,L,D,L,L,W,L,W,L"
2002-2003,Middlesbrough,38,13,10,15,48,44,4,49,19,19,36,21,12,23,10,7,2,3,3,13,"L,W,L,L,L,D,W,D,W,W,D,W,D,L,L,D,L,L,W,L,D,D,L,W,L,W,L,D,L,W,W,W,L,W,L,W,D,D"
2002-2003,Birmingham,38,13,9,16,41,49,-8,48,19,19,25,23,16,26,8,5,6,5,4,10,"D,L,W,W,W,W,L,W,L,W,W,L,L,L,D,L,L,L,D,D,W,L,D,W,D,L,W,L,D,W,L,L,W,D,W,D,L,L"
2002-2003,Fulham,38,13,9,16,41,50,-9,48,19,19,26,18,15,32,11,3,5,2,6,11,"W,W,D,L,W,L,L,L,D,W,D,W,W,L,L,W,D,L,D,L,L,W,L,W,D,L,L,L,L,D,W,L,D,W,W,L,D,W"
2002-2003,Leeds,38,14,5,19,58,57,1,47,19,19,25,26,33,31,7,3,9,7,2,10,"W,W,L,W,L,D,W,L,L,L,L,W,L,L,D,L,W,W,W,D,W,L,L,L,L,W,L,D,L,D,L,L,W,W,L,L,W,W"
2002-2003,Aston Villa,38,12,9,17,42,47,-5,45,19,19,25,14,17,33,11,2,6,1,7,11,"L,W,L,D,W,D,D,D,L,L,L,L,W,W,L,D,W,W,L,L,W,L,L,W,D,W,D,D,L,D,L,W,L,W,L,W,L,L"
2002-2003,Bolton,38,10,14,14,41,51,-10,44,19,19,27,24,14,27,7,8,4,3,6,10,"W,D,D,D,W,L,W,W,W,L,D,D,W,L,L,D,D,L,D,W,D,L,D,L,D,W,D,L,D,L,L,D,L,L,W,W,L,L"
2002-2003,West Ham,38,10,12,16,42,59,-17,42,19,19,21,24,21,35,5,7,7,5,5,9,"D,W,W,W,L,D,D,W,D,W,W,L,L,W,L,L,D,D,D,D,L,D,L,L,D,L,L,L,W,W,L,W,D,L,L,L,D,L"
2002-2003,West Brom,38,6,8,24,29,65,-36,26,19,19,17,34,12,31,3,5,11,3,3,13,"D,D,L,L,W,L,L,L,L,L,L,L,D,W,L,D,L,L,L,D,L,L,W,L,D,D,L,L,D,L,L,L,W,W,W,L,L,L"
2002-2003,Sunderland,38,4,7,27,21,65,-44,19,19,19,11,31,10,34,3,2,14,1,5,13,"L,L,L,L,L,L,L,L,L,L,L,L,L,L,L,D,L,L,L,D,W,L,L,L,D,W,D,D,L,L,W,L,L,L,D,W,L,D"
2001-2002,Arsenal,38,26,9,3,79,36,43,87,19,19,42,25,37,11,12,4,3,14,5,0,"W,W,W,W,W,W,W,W,W,W,W,W,W,D,W,W,D,D,W,W,W,L,D,W,W,W,D,L,D,D,W,W,D,W,D,W,L,W"
2001-2002,Liverpool,38,24,8,6,67,30,37,80,19,19,33,14,34,16,12,5,2,12,3,4,"W,W,L,W,W,W,W,W,W,W,D,W,W,W,W,D,D,L,D,D,W,L,L,D,W,W,W,D,W,W,W,D,W,W,W,L,L,W"
2001-2002,Man Utd,38,24,5,9,87,45,42,77,19,19,40,17,47,28,11,2,6,13,3,3,"D,L,W,W,W,W,L,W,W,D,W,W,W,W,L,W,W,W,W,W,W,W,W,L,L,L,W,L,D,L,W,W,W,L,W,D,D,W"
2001-2002,Newcastle,38,21,8,9,74,52,22,71,19,19,40,23,34,29,12,3,4,9,5,5,"L,W,D,W,W,D,D,W,D,L,L,W,W,W,W,D,W,L,L,W,W,W,W,W,D,W,L,W,W,L,W,L,W,L,W,W,D,D"
2001-2002,Leeds,38,18,12,8,53,37,16,66,19,19,31,21,22,16,9,6,4,9,6,4,"W,W,L,W,W,L,L,W,W,W,D,D,D,L,L,D,L,W,W,W,L,W,D,W,D,D,L,W,D,D,D,W,W,W,D,D,W,W"
2001-2002,Chelsea,38,17,13,8,66,38,28,64,19,19,43,21,23,17,11,4,4,6,9,4,"L,W,L,D,W,D,W,L,W,W,W,L,D,W,W,W,D,L,W,L,W,W,D,L,W,D,D,W,D,L,D,W,D,D,W,D,W,D"
2001-2002,West Ham,38,15,8,15,48,57,-9,53,19,19,32,14,16,43,12,4,3,3,4,12,"W,L,L,W,D,W,W,W,L,W,L,W,L,W,L,L,W,L,D,W,D,D,W,D,L,L,D,L,W,W,W,L,L,W,L,D,D,L"
2001-2002,Aston Villa,38,12,14,12,46,47,-1,50,19,19,22,17,24,30,8,7,4,4,7,8,"W,W,D,L,L,D,L,D,L,L,W,L,D,D,D,W,W,D,D,L,L,W,L,D,L,D,D,L,W,W,L,W,W,W,D,W,D,D"
2001-2002,Spurs,38,14,8,16,49,53,-4,50,19,19,32,24,17,29,10,4,5,4,4,11,"L,W,D,D,L,W,D,W,L,L,L,W,W,L,L,D,L,W,D,L,L,W,L,W,W,D,L,W,W,W,L,L,W,L,W,L,D,D"
2001-2002,Blackburn,38,12,10,16,55,51,4,46,19,19,33,20,22,31,8,6,5,4,4,11,"W,L,W,D,W,D,W,L,L,W,W,D,L,L,L,L,W,L,L,L,W,L,L,L,D,D,W,D,D,W,L,W,D,D,L,W,D,L"
2001-2002,Middlesbrough,38,12,9,17,35,47,-12,45,19,19,23,26,12,21,7,5,7,5,4,10,"L,L,L,L,W,W,D,W,L,D,W,L,W,D,D,W,D,L,W,L,L,L,L,W,D,D,W,L,W,D,L,D,W,W,L,L,L,L"
2001-2002,Southampton,38,12,9,17,46,54,-8,45,19,19,23,22,23,32,7,5,7,5,4,10,"W,L,L,D,W,L,D,D,D,D,W,D,L,D,W,D,L,W,W,L,W,L,W,W,L,W,L,L,L,D,L,L,W,L,W,L,L,L"
2001-2002,Charlton,38,10,14,14,38,49,-11,44,19,19,23,30,15,19,5,6,8,5,8,6,"D,D,L,D,L,L,L,L,W,D,W,D,L,D,W,L,L,W,W,D,L,D,W,W,D,L,D,W,L,L,D,D,W,D,L,D,W,L"
2001-2002,Fulham,38,10,14,14,36,44,-8,44,19,19,21,16,15,28,7,7,5,3,7,9,"L,D,W,W,D,L,D,L,L,L,L,L,L,W,D,L,D,W,W,L,D,L,D,W,D,D,W,W,W,D,L,D,D,L,D,D,W,L"
2001-2002,Everton,38,11,10,17,45,57,-12,43,19,19,26,23,19,34,8,4,7,3,6,10,"L,L,W,D,L,W,L,W,W,L,D,D,L,L,D,D,W,L,L,L,L,L,W,L,W,D,D,D,L,W,D,W,L,L,L,W,D,W"
2001-2002,Bolton,38,9,13,16,44,62,-18,40,19,19,20,31,24,31,5,7,7,4,6,9,"L,L,L,D,W,L,W,W,L,L,D,D,W,L,L,D,D,D,D,L,L,D,L,L,D,W,D,L,W,L,L,D,D,L,D,W,W,W"
2001-2002,Sunderland,38,10,10,18,29,51,-22,40,19,19,18,16,11,35,7,7,5,3,3,13,"D,D,L,L,L,W,L,D,L,W,L,L,W,L,L,D,L,D,L,W,W,L,D,W,L,W,L,D,L,L,W,D,L,D,W,D,L,W"
2001-2002,Ipswich,38,9,9,20,41,64,-23,36,19,19,20,24,21,40,6,4,9,3,5,11,"L,L,W,L,L,D,L,D,D,L,L,L,L,W,W,W,W,L,W,W,W,L,L,L,D,L,L,L,D,D,D,L,L,D,D,L,W,L"
2001-2002,Derby,38,8,6,24,33,63,-30,30,19,19,20,26,13,37,5,4,10,3,2,14,"D,L,L,L,L,L,L,L,W,L,D,W,L,W,L,L,L,L,W,L,W,L,L,W,L,L,W,L,D,D,L,L,L,L,D,D,L,W"
2001-2002,Leicester,38,5,13,20,30,64,-34,28,19,19,15,34,15,30,3,7,9,2,6,11,"W,D,D,D,L,L,W,L,D,D,L,L,L,L,L,L,D,L,D,L,D,D,L,W,D,L,W,D,L,L,L,L,D,L,W,D,L,L"
2000-2001,Man Utd,38,24,8,6,79,31,48,80,19,19,49,12,30,19,15,2,2,9,6,4,"L,L,L,W,D,W,W,L,W,D,W,D,W,W,W,W,W,D,W,W,L,D,W,W,W,W,W,W,W,W,L,D,W,W,W,D,D,W"
2000-2001,Arsenal,38,20,10,8,63,38,25,70,19,19,45,13,18,25,15,3,1,5,7,7,"L,D,W,W,W,L,W,W,D,W,L,W,W,W,D,D,L,D,W,L,D,W,W,L,L,D,W,W,W,W,W,D,W,D,D,W,W,L"
2000-2001,Liverpool,38,20,9,9,71,39,32,69,19,19,40,14,31,25,13,4,2,7,5,7,"W,D,W,W,W,W,W,L,D,W,D,L,D,W,D,D,W,W,L,W,W,L,W,L,L,W,L,W,W,W,L,D,D,W,W,D,L,W"
2000-2001,Leeds,38,20,8,10,64,43,21,68,19,19,36,21,28,22,11,3,5,9,5,5,"W,W,L,W,W,W,W,W,W,D,W,D,D,W,W,W,L,W,D,L,L,W,L,L,W,L,D,W,D,L,W,W,D,L,D,L,W,W"
2000-2001,Ipswich,38,20,6,12,57,42,15,66,19,19,31,15,26,27,11,5,3,9,1,9,"D,W,L,W,W,W,D,W,W,L,W,W,L,L,L,W,L,W,D,L,W,W,L,W,W,W,L,W,W,D,W,D,W,L,L,W,D,L"
2000-2001,Chelsea,38,17,10,11,68,45,23,61,19,19,44,20,24,25,13,3,3,4,7,8,"W,D,W,L,L,W,W,W,W,L,W,D,D,L,W,W,D,W,D,W,L,W,W,L,L,D,L,W,W,L,W,D,L,D,D,D,L,W"
2000-2001,Sunderland,38,15,12,11,46,41,5,57,19,19,24,16,22,25,9,7,3,6,5,8,"D,W,W,D,L,L,D,L,W,D,L,D,L,L,D,W,W,D,W,W,L,W,W,W,W,D,L,W,D,W,D,D,W,L,D,L,L,W"
2000-2001,Aston Villa,38,13,15,10,46,43,3,54,19,19,27,20,19,23,8,8,3,5,7,7,"L,W,D,D,D,W,D,W,W,D,W,D,L,D,W,L,L,L,L,L,W,D,D,D,D,L,W,W,W,D,L,W,D,W,W,L,D,D"
2000-2001,Charlton,38,14,10,14,50,57,-7,52,19,19,31,19,19,38,11,5,3,3,5,11,"L,L,W,W,D,L,L,W,L,D,D,W,D,W,D,D,W,W,L,W,L,D,L,L,W,L,W,L,W,L,D,W,W,D,D,L,L,W"
2000-2001,Southampton,38,14,10,14,40,48,-8,52,19,19,27,22,13,26,11,2,6,3,8,8,"W,W,L,D,L,D,L,L,L,W,W,W,W,W,D,D,L,W,W,D,L,W,L,L,W,D,W,L,L,D,L,W,W,L,D,D,L,D"
2000-2001,Newcastle,38,14,9,15,44,50,-6,51,19,19,26,17,18,33,10,4,5,4,5,10,"W,D,L,D,W,D,W,L,D,L,D,L,L,L,W,W,L,D,W,L,W,L,D,W,L,D,W,L,L,W,W,L,L,D,W,W,W,L"
2000-2001,Spurs,38,13,10,15,47,54,-7,49,19,19,31,16,16,38,11,6,2,2,4,13,"W,L,D,L,L,W,W,L,W,L,L,W,D,D,D,D,W,L,L,D,D,D,L,W,W,L,W,L,W,L,L,D,L,W,W,L,D,W"
2000-2001,Leicester,38,14,6,18,39,51,-12,48,19,19,28,23,11,28,10,4,5,4,2,13,"L,W,L,L,L,L,L,L,L,L,W,W,L,W,L,D,L,L,L,W,W,L,W,L,W,D,W,W,L,L,D,D,W,W,W,D,W,D"
2000-2001,Derby,38,10,12,16,37,59,-22,42,19,19,23,24,14,35,8,7,4,2,5,12,"D,W,L,L,W,L,L,L,D,W,W,D,W,L,D,L,W,L,D,W,W,L,W,L,W,D,D,L,L,L,L,D,L,D,D,D,L,D"
2000-2001,Everton,38,11,9,18,45,59,-14,42,19,19,29,27,16,32,6,8,5,5,1,13,"D,L,W,L,L,L,W,W,L,D,L,W,D,L,D,W,D,L,L,L,D,L,L,W,W,W,L,L,W,D,L,D,L,W,L,D,W,L"
2000-2001,Middlesbrough,38,9,15,14,44,44,0,42,19,19,18,23,26,21,4,7,8,5,8,6,"W,D,L,W,L,W,D,L,W,D,L,D,D,D,D,W,D,D,W,D,W,L,L,D,L,L,L,L,L,L,W,D,D,L,D,L,D,W"
2000-2001,West Ham,38,10,12,16,45,50,-5,42,19,19,24,20,21,30,6,6,7,4,6,9,"L,W,L,L,L,W,D,L,L,L,L,W,D,L,D,D,L,L,W,L,D,D,W,W,W,W,D,W,L,D,D,W,D,L,D,D,L,L"
2000-2001,Coventry,38,8,10,20,36,63,-27,34,19,19,14,23,22,40,4,7,8,4,3,12,"D,L,L,L,W,L,W,W,L,D,D,D,L,L,L,L,D,D,W,D,L,W,L,D,L,L,L,L,L,W,D,L,L,D,L,W,W,L"
2000-2001,Man City,38,8,10,20,41,65,-24,34,19,19,20,31,21,34,4,3,12,4,7,8,"L,L,W,D,W,L,L,L,D,L,W,L,D,D,D,L,D,L,D,L,D,W,L,L,L,L,L,L,W,W,L,D,D,L,W,L,W,L"
2000-2001,Bradford,38,5,11,22,30,70,-40,26,19,19,20,29,10,41,4,7,8,1,4,14,"D,L,D,L,L,W,W,L,D,D,L,L,L,L,L,D,L,W,L,L,L,D,W,D,L,L,L,D,L,L,D,L,L,D,L,D,W,L"
1999-2000,Man Utd,38,28,7,3,97,45,52,91,19,19,59,16,38,29,15,4,0,13,3,3,"W,W,W,W,W,W,W,W,W,W,W,D,D,W,L,W,W,W,D,D,W,W,W,W,W,W,L,W,L,D,D,W,W,W,W,W,W,D"
1999-2000,Arsenal,38,22,7,9,73,43,30,73,19,19,42,17,31,26,14,3,2,8,4,7,"L,D,W,W,W,W,W,W,W,W,L,D,W,L,L,D,W,D,W,L,D,W,W,W,L,D,W,W,L,W,W,W,L,W,L,D,W,W"
1999-2000,Leeds,38,21,6,11,58,43,15,69,19,19,29,18,29,25,12,2,5,9,4,6,"D,D,W,W,D,L,L,L,L,W,W,W,D,L,W,L,W,L,L,W,W,W,W,W,L,W,D,W,W,W,W,W,W,L,W,L,W,D"
1999-2000,Liverpool,38,19,10,9,51,30,21,67,19,19,28,13,23,17,11,4,4,8,6,5,"L,D,L,L,D,W,W,W,W,W,D,D,D,W,W,D,W,L,W,D,W,W,L,W,W,W,W,D,W,D,L,D,L,W,W,L,L,W"
1999-2000,Chelsea,38,18,11,9,53,34,19,65,19,19,35,12,18,22,12,5,2,6,6,7,"W,L,W,L,D,L,W,W,D,D,D,W,W,W,W,D,D,W,D,D,W,W,L,L,W,D,D,L,L,L,W,W,L,W,W,W,D,W"
1999-2000,Aston Villa,38,15,13,10,46,35,11,58,19,19,23,12,23,23,8,8,3,7,5,7,"L,D,D,D,W,W,W,W,L,D,W,D,D,W,W,D,D,W,D,W,W,L,D,L,L,L,D,L,D,L,W,L,W,W,L,D,W,W"
1999-2000,Sunderland,38,16,10,12,57,56,1,58,19,19,28,17,29,39,10,6,3,6,4,9,"L,W,D,L,W,L,W,W,W,D,D,L,D,L,D,L,L,L,D,L,W,W,W,L,D,W,D,W,W,W,W,W,D,W,L,D,W,L"
1999-2000,Leicester,38,16,7,15,55,55,0,55,19,19,31,24,24,31,10,3,6,6,4,9,"L,W,W,W,D,L,W,D,L,W,L,L,W,D,W,L,D,D,L,L,L,L,W,W,L,W,L,W,W,W,D,L,W,W,L,D,W,L"
1999-2000,West Ham,38,15,10,13,52,53,-1,55,19,19,32,23,20,30,11,5,3,4,5,10,"D,L,L,L,W,W,W,L,W,D,L,W,W,L,W,L,W,D,D,D,D,L,D,W,W,D,L,L,D,L,W,L,L,W,W,W,D,W"
1999-2000,Spurs,38,15,8,15,57,49,8,53,19,19,40,26,17,23,10,3,6,5,5,9,"W,L,D,W,W,L,L,L,D,L,W,D,W,L,L,L,D,L,W,D,W,L,D,L,W,W,L,W,W,L,D,W,D,L,W,W,W,L"
1999-2000,Middlesbrough,38,14,10,14,46,52,-6,52,19,19,23,26,23,26,8,5,6,6,5,8,"W,D,D,W,D,L,L,W,W,D,W,D,D,W,L,L,L,D,L,L,W,D,D,L,D,W,W,W,L,L,L,W,L,L,W,W,W,L"
1999-2000,Newcastle,38,14,10,14,63,54,9,52,19,19,42,20,21,34,10,5,4,4,5,10,"W,D,D,W,D,L,L,W,L,W,W,L,W,W,D,L,W,D,W,D,L,W,W,D,D,D,W,L,W,L,W,L,L,L,D,L,L,L"
1999-2000,Everton,38,12,14,12,59,49,10,50,19,19,36,21,23,28,7,9,3,5,5,9,"L,D,L,D,W,D,W,L,L,L,D,D,W,W,W,L,D,D,D,W,W,L,D,D,D,L,D,L,D,W,W,W,L,W,W,L,L,D"
1999-2000,Coventry,38,12,8,18,47,54,-7,44,19,19,38,22,9,32,12,1,6,0,7,12,"L,W,L,L,W,L,L,L,W,W,L,L,L,L,W,L,D,W,D,W,L,D,L,W,D,W,D,W,D,W,L,L,D,L,W,D,L,L"
1999-2000,Southampton,38,12,8,18,45,62,-17,44,19,19,26,22,19,40,8,4,7,4,4,11,"W,D,L,L,L,W,W,L,D,W,L,L,D,L,W,W,W,L,W,L,L,L,D,L,L,W,D,D,L,D,D,L,L,W,L,W,L,W"
1999-2000,Derby,38,9,11,18,44,57,-13,38,19,19,22,25,22,32,6,3,10,3,8,8,"L,D,D,W,D,L,D,W,L,L,L,W,D,L,D,D,W,W,D,L,W,L,L,L,L,W,L,L,D,L,L,D,W,W,L,L,L,D"
1999-2000,Bradford,38,9,9,20,38,68,-30,36,19,19,26,29,12,39,6,8,5,3,1,15,"W,L,W,W,D,L,L,L,L,L,L,D,D,L,W,W,L,D,L,D,L,W,D,L,L,D,L,W,L,L,W,L,D,L,L,L,D,W"
1999-2000,Wimbledon,38,7,12,19,46,74,-28,33,19,19,30,28,16,46,6,7,6,1,5,13,"L,D,L,L,L,L,L,L,L,L,W,L,D,L,L,W,L,W,L,D,D,W,D,L,W,D,D,W,L,D,D,D,L,L,D,D,L,W"
1999-2000,Sheffield Wed,38,8,7,23,38,70,-32,31,19,19,21,23,17,47,6,3,10,2,4,13,"W,D,L,L,L,W,W,L,L,L,W,D,L,L,D,L,W,W,D,L,W,L,L,L,D,L,D,L,W,L,L,L,L,L,L,D,L,L"
1999-2000,Watford,38,6,6,26,35,77,-42,24,19,19,24,31,11,46,5,4,10,1,2,16,"W,D,L,L,L,L,D,L,D,W,L,L,L,D,L,L,L,L,W,L,L,L,L,D,D,L,L,L,L,L,W,L,L,L,W,W,L,L"
1998-1999,Man Utd,38,22,13,3,80,37,43,79,19,19,45,18,35,19,14,4,1,8,9,2,"W,D,W,D,W,D,W,D,W,W,W,W,D,W,W,W,W,W,D,W,L,D,D,D,W,L,W,D,W,D,W,W,W,L,W,W,D,D"
1998-1999,Arsenal,38,22,12,4,59,17,42,78,19,19,34,5,25,12,14,5,0,8,7,4,"W,L,W,W,W,W,W,D,W,W,W,D,W,D,W,W,W,D,W,W,W,L,D,D,L,D,W,W,W,D,W,L,W,D,D,D,D,W"
1998-1999,Chelsea,38,20,15,3,57,30,27,75,19,19,29,13,28,17,12,6,1,8,9,2,"W,D,W,W,D,D,D,W,W,W,L,W,W,D,W,L,W,W,D,W,W,D,D,W,D,D,W,W,D,D,W,D,W,W,W,D,D,L"
1998-1999,Leeds,38,18,13,7,62,34,28,67,19,19,32,9,30,25,12,5,2,6,8,5,"D,W,L,W,D,D,D,W,W,W,W,W,W,W,L,L,W,L,D,W,L,W,W,L,W,W,W,D,D,D,L,D,D,D,W,D,W,D"
1998-1999,West Ham,38,16,9,13,46,53,-7,57,19,19,32,26,14,27,11,3,5,5,6,8,"W,L,L,W,W,D,L,D,W,W,L,W,D,W,L,D,L,L,W,L,W,L,L,W,W,W,D,W,L,D,L,W,D,W,L,D,D,W"
1998-1999,Aston Villa,38,15,10,13,51,46,5,55,19,19,33,28,18,18,10,3,6,5,7,7,"L,L,L,W,W,W,D,D,L,L,L,L,D,L,L,L,W,D,W,L,W,W,L,D,D,L,W,W,D,D,W,W,D,W,W,W,W,D"
1998-1999,Liverpool,38,15,9,14,68,49,19,54,19,19,44,24,24,25,10,5,4,5,4,10,"W,L,D,W,W,L,L,D,D,W,L,L,D,L,W,L,W,D,W,W,W,L,L,W,W,L,L,L,W,D,D,L,D,L,W,W,D,W"
1998-1999,Derby,38,13,13,12,40,45,-5,52,19,19,22,19,18,26,8,7,4,5,6,8,"L,D,W,L,D,L,W,L,L,W,W,D,L,W,L,W,W,L,W,D,D,D,D,W,L,D,W,D,D,L,L,L,W,W,W,D,D,D"
1998-1999,Middlesbrough,38,12,15,11,48,54,-6,51,19,19,25,18,23,36,7,9,3,5,6,8,"L,L,D,L,W,D,W,W,D,W,W,L,D,L,L,D,L,D,L,L,W,W,D,D,W,D,D,D,D,W,W,L,D,W,W,D,L,D"
1998-1999,Leicester,38,12,13,13,40,46,-6,49,19,19,25,25,15,21,7,6,6,5,7,7,"L,W,L,L,W,W,D,D,D,W,D,W,L,L,L,D,L,D,D,W,L,W,W,D,L,L,D,W,D,W,W,D,L,D,L,L,W,D"
1998-1999,Spurs,38,11,14,13,47,50,-3,47,19,19,28,26,19,24,7,7,5,4,7,8,"L,D,L,L,L,W,W,D,L,W,L,W,D,D,D,D,D,D,W,D,L,D,W,L,W,D,L,D,W,L,W,D,D,L,W,W,L,L"
1998-1999,Newcastle,38,11,13,14,48,54,-6,46,19,19,26,25,22,29,7,6,6,4,7,8,"D,L,D,D,D,L,D,W,L,L,W,D,L,W,W,W,D,L,L,L,W,D,D,W,L,D,D,L,L,W,L,W,W,W,L,L,D,D"
1998-1999,Sheffield Wed,38,13,7,18,41,42,-1,46,19,19,20,15,21,27,7,5,7,6,2,11,"W,W,L,D,D,L,W,L,L,L,L,L,W,W,W,L,W,D,L,L,L,W,W,D,W,D,L,D,D,L,L,W,L,W,L,L,W,L"
1998-1999,Everton,38,11,10,17,42,47,-5,43,19,19,22,12,20,35,6,8,5,5,2,12,"L,W,L,W,W,W,L,L,L,L,W,D,L,W,L,L,L,D,L,D,L,W,D,W,W,L,L,L,D,D,W,D,D,D,W,L,L,D"
1998-1999,Coventry,38,11,9,18,39,51,-12,42,19,19,26,21,13,30,8,6,5,3,3,13,"D,D,W,L,L,L,W,W,L,D,W,W,L,L,D,W,L,W,L,D,D,L,L,D,L,W,W,L,L,W,L,D,L,L,L,D,L,W"
1998-1999,Wimbledon,38,10,12,16,40,63,-23,42,19,19,22,21,18,42,7,7,5,3,5,11,"L,L,L,D,L,L,L,D,L,L,L,W,D,D,L,D,D,W,D,W,L,W,W,L,W,L,W,D,D,L,L,D,W,L,W,D,D,W"
1998-1999,Southampton,38,11,8,19,37,64,-27,41,19,19,29,26,8,38,9,4,6,2,4,13,"W,W,W,D,D,L,L,D,W,L,W,L,L,W,L,W,L,W,D,L,W,L,L,L,W,L,D,D,W,D,L,L,D,L,L,L,L,L"
1998-1999,Charlton,38,8,12,18,41,56,-15,36,19,19,20,20,21,36,4,7,8,4,5,10,"L,W,D,L,L,D,L,W,L,D,L,D,W,W,W,L,D,L,L,L,L,L,L,L,L,D,D,D,W,L,W,D,D,L,L,D,W,D"
1998-1999,Blackburn,38,7,14,17,38,52,-14,35,19,19,21,24,17,28,6,5,8,1,9,9,"D,D,L,D,L,D,L,D,W,D,L,L,L,D,W,D,L,W,D,W,D,D,W,L,L,L,L,D,L,L,W,D,L,L,L,W,L,D"
1998-1999,Nott'm Forest,38,7,9,22,35,69,-34,30,19,19,18,31,17,38,3,7,9,4,2,13,"W,W,W,L,L,L,D,L,L,W,L,D,L,L,L,W,L,L,D,L,D,L,L,D,L,D,L,D,L,D,L,L,D,L,L,W,W,L"
1997-1998,Arsenal,38,23,9,6,68,33,35,78,19,19,43,10,25,23,15,2,2,8,7,4,"L,L,W,W,W,W,W,W,W,W,W,W,D,W,W,W,D,W,D,W,L,W,L,L,W,L,D,D,W,D,W,W,W,D,D,W,W,D"
1997-1998,Man Utd,38,23,8,7,73,26,47,77,19,19,42,9,31,17,13,4,2,10,4,5,"W,W,W,D,D,W,W,L,D,L,W,W,W,D,L,L,W,L,W,W,W,W,W,W,L,W,W,D,W,L,D,D,W,W,W,D,W,W"
1997-1998,Liverpool,38,18,11,9,68,42,26,65,19,19,42,16,26,26,13,2,4,5,9,5,"L,W,W,L,D,W,D,W,D,W,L,D,D,L,D,W,D,W,W,W,W,W,L,W,L,W,D,W,L,W,L,W,D,W,W,D,L,D"
1997-1998,Chelsea,38,20,3,15,71,43,28,63,19,19,37,14,34,29,13,2,4,7,1,11,"W,L,L,W,W,W,L,W,L,W,L,L,L,L,W,L,W,L,D,W,D,W,W,W,L,W,W,L,W,L,W,D,L,W,W,W,W,L"
1997-1998,Leeds,38,17,8,13,57,46,11,59,19,19,31,21,26,25,9,5,5,8,3,8,"D,L,D,W,L,W,W,L,W,W,W,L,D,L,W,L,L,D,L,W,D,D,W,W,W,W,L,W,D,W,W,L,W,L,L,L,W,D"
1997-1998,Blackburn,38,16,10,12,57,52,5,58,19,19,40,26,17,26,11,4,4,5,6,8,"W,L,W,D,L,L,L,L,W,L,L,W,L,L,D,W,L,D,D,W,W,W,L,W,W,D,D,W,W,D,D,D,L,W,W,D,W,W"
1997-1998,Aston Villa,38,17,6,15,49,48,1,57,19,19,26,24,23,24,9,3,7,8,3,8,"W,W,L,W,W,W,W,W,L,W,W,L,L,W,L,L,D,D,W,D,L,W,L,W,D,L,D,L,W,D,L,W,W,W,L,L,L,L"
1997-1998,West Ham,38,16,8,14,56,57,-1,56,19,19,40,18,16,39,13,4,2,3,4,12,"W,D,L,L,W,D,D,L,W,W,D,D,D,W,D,L,W,W,W,L,W,L,W,W,L,L,L,W,L,W,L,L,L,W,D,L,W,W"
1997-1998,Derby,38,16,7,15,52,49,3,55,19,19,33,18,19,31,12,3,4,4,4,11,"W,W,L,L,L,W,D,L,L,L,W,L,W,L,W,D,W,L,W,D,D,D,W,L,W,L,W,L,D,D,W,W,W,L,W,W,L,L"
1997-1998,Leicester,38,13,14,11,51,41,10,53,19,19,21,15,30,26,6,10,3,7,4,8,"L,W,D,W,D,D,W,D,L,L,L,W,D,W,W,D,D,D,L,L,L,D,W,D,L,D,W,L,L,W,D,W,W,L,D,D,W,W"
1997-1998,Coventry,38,12,16,10,46,44,2,52,19,19,26,17,20,27,8,9,2,4,7,8,"D,W,D,D,D,D,L,D,W,D,W,W,W,W,W,D,L,W,L,L,W,L,L,L,D,W,D,L,D,D,D,D,W,L,D,D,L,W"
1997-1998,Southampton,38,14,6,18,50,55,-5,48,19,19,28,23,22,32,10,1,8,4,5,10,"D,L,W,L,D,L,L,W,L,W,W,W,L,W,L,W,D,W,D,D,W,L,L,L,W,W,W,L,W,L,L,D,L,L,W,L,L,L"
1997-1998,Newcastle,38,11,11,16,35,44,-9,44,19,19,22,20,13,24,8,5,6,3,6,10,"L,W,D,L,D,W,L,D,L,L,D,D,D,L,W,L,W,L,L,L,L,D,D,L,L,W,W,D,D,D,L,W,L,W,W,L,W,W"
1997-1998,Sheffield Wed,38,12,8,18,52,67,-15,44,19,19,30,26,22,41,9,5,5,3,3,13,"L,L,W,L,D,L,W,L,L,W,L,W,D,L,D,W,W,D,D,L,L,W,W,W,W,L,L,L,W,D,L,D,L,W,L,D,L,L"
1997-1998,Spurs,38,11,11,16,44,56,-12,44,19,19,23,22,21,34,7,8,4,4,3,12,"D,W,W,D,D,L,D,W,D,L,W,L,D,W,L,W,L,D,L,W,L,L,W,L,L,L,L,W,L,D,D,D,L,D,W,W,L,L"
1997-1998,Wimbledon,38,10,14,14,34,46,-12,44,19,19,18,25,16,21,5,6,8,5,8,6,"D,L,D,D,L,D,W,D,D,L,W,L,L,W,W,D,D,L,L,D,D,W,L,L,W,L,W,D,W,L,D,W,L,W,L,L,D,D"
1997-1998,Bolton,38,9,13,16,41,61,-20,40,19,19,25,22,16,39,7,8,4,2,5,12,"L,W,W,L,L,W,D,L,W,W,L,L,D,D,L,L,D,L,D,L,D,L,W,W,D,L,D,W,L,L,D,D,D,L,D,L,D,W"
1997-1998,Everton,38,9,13,16,41,56,-15,40,19,19,25,27,16,29,7,5,7,2,8,9,"D,L,L,D,D,W,D,L,W,L,D,D,L,D,D,W,W,W,L,W,D,D,L,L,L,L,L,D,W,L,D,L,W,L,D,L,W,L"
1997-1998,Barnsley,38,10,5,23,37,82,-45,35,19,19,25,35,12,47,7,4,8,3,1,15,"L,L,L,D,L,W,L,L,L,W,W,W,L,D,L,W,L,W,D,L,D,L,L,W,L,D,L,W,L,L,L,L,L,L,W,L,W,L"
1997-1998,Crystal Palace,38,8,9,21,37,71,-34,33,19,19,15,39,22,32,2,5,12,6,4,9,"W,D,L,L,W,L,L,L,W,L,L,L,L,L,L,L,L,D,D,D,L,D,L,L,W,D,W,D,L,D,D,W,L,L,L,W,L,W"
1996-1997,Man Utd,38,21,12,5,76,44,32,75,19,19,38,17,38,27,12,5,2,9,7,3,"W,D,D,D,W,W,L,W,W,L,W,D,W,W,W,W,W,D,W,W,W,D,D,W,D,W,L,L,L,W,W,D,W,W,D,D,D,W"
1996-1997,Arsenal,38,19,11,8,62,32,30,68,19,19,36,18,26,14,10,5,4,9,6,4,"W,L,D,D,W,W,L,W,W,W,L,L,D,D,W,W,L,W,D,D,L,D,W,W,W,L,D,W,D,W,W,W,W,D,D,W,L,W"
1996-1997,Liverpool,38,19,11,8,62,37,25,68,19,19,38,19,24,18,10,6,3,9,5,5,"D,L,W,L,D,W,L,W,D,W,L,D,W,W,W,D,L,W,D,D,W,W,L,W,D,D,W,L,W,L,W,W,W,W,W,D,W,D"
1996-1997,Newcastle,38,19,11,8,73,40,33,68,19,19,54,20,19,20,13,3,3,6,8,5,"W,D,D,W,W,W,D,D,D,W,L,L,W,W,W,D,D,W,W,L,D,L,D,L,D,D,W,L,W,W,W,W,W,W,W,L,W,L"
1996-1997,Aston Villa,38,17,10,11,47,34,13,61,19,19,27,13,20,21,11,5,3,6,5,8,"W,L,D,D,L,W,W,W,D,L,W,D,W,W,L,L,D,D,D,L,W,W,W,W,W,L,W,L,W,L,L,D,D,D,W,W,W,L"
1996-1997,Chelsea,38,16,11,11,58,55,3,59,19,19,33,22,25,33,9,8,2,7,3,9,"W,D,W,W,L,L,L,L,W,W,L,D,L,D,W,W,L,W,D,W,W,L,D,L,D,D,W,W,L,W,D,L,D,W,D,W,W,D"
1996-1997,Sheffield Wed,38,14,15,9,50,51,-1,57,19,19,25,16,25,35,8,10,1,6,5,8,"D,L,L,L,W,D,W,D,L,W,W,W,W,D,D,W,L,W,D,D,D,D,W,D,D,W,D,D,D,L,L,D,L,L,W,W,W,W"
1996-1997,Wimbledon,38,15,11,12,49,46,3,56,19,19,28,21,21,25,9,6,4,6,5,8,"W,W,D,L,L,W,L,L,D,D,L,D,L,D,W,D,L,L,D,W,L,W,W,W,D,D,D,D,W,W,W,W,W,W,W,L,L,L"
1996-1997,Leicester,38,12,11,15,46,54,-8,47,19,19,22,26,24,28,7,5,7,5,6,8,"W,W,D,L,L,L,D,D,D,L,D,W,W,W,L,D,W,L,D,D,L,D,W,L,L,W,L,W,L,L,W,W,L,D,L,L,W,D"
1996-1997,Derby,38,11,13,14,45,58,-13,46,19,19,25,22,20,36,8,6,5,3,7,9,"L,W,D,L,W,D,W,W,L,L,W,L,D,W,L,D,L,D,D,L,L,L,D,W,D,W,W,L,D,L,L,D,W,W,D,L,D,D"
1996-1997,Leeds,38,11,13,14,28,38,-10,46,19,19,15,13,13,25,7,7,5,4,6,9,"D,D,D,D,L,D,D,L,D,W,W,W,L,D,D,W,W,L,L,L,D,D,D,W,W,L,W,L,L,W,L,L,L,L,W,W,L,D"
1996-1997,Spurs,38,13,7,18,44,51,-7,46,19,19,19,17,25,34,8,4,7,5,3,11,"L,L,W,D,L,L,W,L,D,W,W,L,L,D,L,W,L,L,L,W,D,D,W,L,L,W,W,L,W,W,L,L,W,L,L,D,D,W"
1996-1997,Blackburn,38,9,15,14,42,43,-1,42,19,19,28,23,14,20,8,4,7,1,11,7,"L,D,L,W,D,L,D,L,L,W,D,D,W,D,W,L,D,W,W,D,W,L,D,W,D,D,W,L,D,L,D,D,L,L,L,D,L,L"
1996-1997,Everton,38,10,12,16,44,57,-13,42,19,19,24,22,20,35,7,4,8,3,8,8,"L,L,D,D,W,D,L,L,W,L,D,L,D,W,L,L,L,L,L,L,D,W,D,L,W,D,W,D,W,W,W,D,L,L,L,D,D,W"
1996-1997,Middlesbrough,38,10,12,16,51,60,-9,42,19,19,34,25,17,35,8,5,6,2,7,10,"D,D,D,W,L,L,D,D,W,W,W,W,L,L,D,W,L,L,L,W,L,D,L,L,D,L,L,D,L,D,L,L,W,W,W,D,L,D"
1996-1997,West Ham,38,10,12,16,39,48,-9,42,19,19,27,25,12,23,7,6,6,3,6,10,"L,D,W,W,D,L,D,W,D,D,W,L,W,L,L,L,L,D,L,W,L,D,L,D,D,D,L,W,W,L,L,W,L,D,L,W,D,L"
1996-1997,Coventry,38,9,14,15,38,54,-16,41,19,19,19,23,19,31,4,8,7,5,6,8,"W,L,D,D,W,W,L,L,D,D,L,D,L,D,W,L,L,D,W,W,W,W,L,L,L,D,D,D,D,D,D,L,W,L,L,L,D,L"
1996-1997,Southampton,38,10,11,17,50,56,-6,41,19,19,32,24,18,32,6,7,6,4,4,11,"L,W,W,D,W,D,W,D,L,L,D,D,W,D,L,L,D,W,L,L,W,L,L,L,L,L,D,W,W,D,W,L,L,L,D,L,L,D"
1996-1997,Sunderland,38,10,10,18,35,53,-18,40,19,19,20,18,15,35,7,6,6,3,4,12,"L,W,L,W,L,D,D,L,L,W,L,L,L,L,D,D,W,D,L,W,L,W,L,W,D,L,L,W,L,D,L,W,L,D,L,D,W,D"
1996-1997,Nott'm Forest,38,6,16,16,31,59,-28,34,19,19,15,27,16,32,3,9,7,3,7,9,"L,D,D,D,L,D,D,D,D,L,L,W,D,L,L,W,W,W,D,L,W,L,D,L,D,L,L,L,D,L,D,L,L,D,D,D,L,W"
1995-1996,Man Utd,38,25,7,6,73,35,38,82,19,19,36,9,37,26,15,4,0,10,3,6,"W,W,W,L,W,W,W,W,D,W,W,W,W,W,W,D,L,W,W,L,L,D,D,D,W,W,L,W,W,W,D,D,W,W,W,W,W,L"
1995-1996,Newcastle,38,24,6,8,66,37,29,78,19,19,38,9,28,28,17,1,1,7,5,7,"D,D,W,W,W,L,W,L,L,W,L,D,L,W,W,W,W,W,L,W,W,L,D,W,D,W,W,D,W,W,W,W,W,L,W,W,W,W"
1995-1996,Liverpool,38,20,11,7,70,34,36,71,19,19,46,13,24,21,14,4,1,6,7,6,"D,D,W,D,W,L,W,L,W,D,W,W,W,D,W,W,D,W,D,W,W,W,D,L,D,L,L,W,W,D,D,W,W,L,W,W,L,W"
1995-1996,Arsenal,38,17,12,9,49,32,17,63,19,19,30,16,19,16,10,7,2,7,5,7,"W,D,D,D,L,W,W,L,W,W,D,W,W,D,L,W,L,L,W,L,D,D,D,D,W,L,W,L,W,W,L,W,W,W,D,D,W,D"
1995-1996,Aston Villa,38,18,9,11,52,35,17,63,19,19,32,15,20,20,11,5,3,7,4,8,"L,L,D,L,W,W,D,L,W,W,L,W,D,W,W,L,W,D,W,L,W,D,D,L,W,D,W,W,L,L,W,D,W,D,W,L,W,W"
1995-1996,Blackburn,38,18,7,13,61,47,14,61,19,19,44,19,17,28,14,2,3,4,5,10,"W,D,W,W,W,L,L,W,W,D,L,L,L,W,W,W,D,W,W,D,W,L,W,D,W,L,L,W,D,W,L,W,L,D,L,L,L,W"
1995-1996,Everton,38,17,10,11,64,44,20,61,19,19,35,19,29,25,10,5,4,7,5,7,"W,W,D,L,W,W,L,D,D,W,W,L,W,D,W,D,W,W,W,L,L,W,D,D,W,W,W,L,D,D,L,L,L,L,W,W,L,D"
1995-1996,Spurs,38,16,13,9,50,38,12,61,19,19,26,19,24,19,9,5,5,7,8,4,"D,W,D,D,D,L,W,L,W,L,W,W,L,D,L,W,W,L,D,D,W,W,D,D,W,W,W,D,D,L,W,W,W,W,D,L,L,D"
1995-1996,Nott'm Forest,38,15,13,10,50,54,-4,58,19,19,29,17,21,37,11,6,2,4,7,8,"W,D,L,D,L,W,W,L,W,D,W,L,L,L,W,L,W,L,W,W,L,D,D,D,D,L,W,D,W,W,W,D,W,D,D,D,D,W"
1995-1996,West Ham,38,14,9,15,43,52,-9,51,19,19,25,21,18,31,9,5,5,5,4,10,"D,L,D,W,L,D,W,L,W,D,L,W,W,W,W,W,L,L,L,L,W,L,L,W,D,W,L,W,D,W,D,W,L,L,D,D,L,L"
1995-1996,Chelsea,38,12,14,12,46,44,2,50,19,19,30,22,16,22,7,7,5,5,7,7,"L,D,D,W,L,L,D,L,D,D,W,L,L,W,W,D,W,D,L,W,D,W,D,D,W,L,D,L,L,W,W,L,W,W,D,L,D,D"
1995-1996,Leeds,38,12,7,19,40,57,-17,43,19,19,21,21,19,36,8,3,8,4,4,11,"D,L,L,L,L,L,L,W,L,D,L,W,L,L,L,L,W,D,L,W,W,L,D,L,L,W,D,W,D,L,W,W,L,L,D,W,W,W"
1995-1996,Middlesbrough,38,11,10,17,35,50,-15,43,19,19,27,27,8,23,8,3,8,3,7,9,"L,L,L,D,W,W,D,D,L,L,D,L,L,L,L,L,L,L,L,W,L,W,D,W,L,D,D,L,W,W,W,W,W,D,D,L,W,D"
1995-1996,Wimbledon,38,10,11,17,55,70,-15,41,19,19,27,33,28,37,5,6,8,5,5,9,"D,L,L,W,W,D,W,W,L,D,D,D,L,L,W,L,L,W,W,D,L,D,D,D,L,D,L,L,L,L,L,L,L,W,D,L,W,W"
1995-1996,Sheffield Wed,38,10,10,18,48,61,-13,40,19,19,30,31,18,30,7,5,7,3,5,11,"D,L,D,L,W,L,L,W,W,L,L,L,L,W,L,L,D,W,L,D,W,D,W,D,L,D,D,L,W,L,L,D,L,W,D,L,W,L"
1995-1996,Coventry,38,8,14,16,42,60,-18,38,19,19,21,23,21,37,6,7,6,2,7,10,"D,W,D,W,L,W,L,L,L,D,D,D,W,D,L,D,L,D,W,W,L,W,L,D,L,D,L,L,L,D,L,L,L,D,D,D,W,L"
1995-1996,Man City,38,9,11,18,33,58,-25,38,19,19,21,19,12,39,7,7,5,2,4,13,"D,W,W,L,L,D,L,W,D,L,D,D,L,W,D,D,L,W,L,L,D,L,W,W,W,D,W,L,D,L,L,L,L,L,L,L,L,D"
1995-1996,Southampton,38,9,11,18,34,52,-18,38,19,19,21,18,13,34,7,7,5,2,4,13,"D,W,L,W,L,W,L,L,W,L,L,L,L,D,D,W,L,D,D,D,L,D,D,W,L,L,W,W,L,L,D,L,L,D,W,D,L,L"
1995-1996,QPR,38,9,6,23,38,57,-19,33,19,19,25,26,13,31,6,5,8,3,1,15,"L,W,L,W,L,W,D,D,L,L,D,W,L,L,L,L,L,L,L,W,W,L,D,L,L,D,L,D,L,L,W,L,W,L,L,W,L,L"
1995-1996,Bolton,38,8,5,25,39,71,-32,29,19,19,16,31,23,40,5,4,10,3,1,15,"L,L,L,W,L,D,W,L,W,W,L,W,L,L,L,W,L,L,L,D,L,L,D,L,L,L,L,W,L,D,L,L,L,D,L,W,L,L"
1994-1995,Blackburn,42,27,8,7,80,39,41,89,21,21,54,21,26,18,17,2,2,10,6,5,"L,W,L,W,L,D,W,W,W,D,W,W,D,W,W,L,D,W,L,W,W,W,W,D,W,W,W,W,W,W,W,L,W,D,L,W,W,W,D,W,W,D"
1994-1995,Man Utd,42,26,10,6,77,28,49,88,21,21,42,4,35,24,16,4,1,10,6,5,"D,W,W,W,D,W,D,W,L,D,W,W,L,W,W,W,D,W,D,W,D,D,W,L,W,W,D,W,W,W,W,W,W,L,W,L,W,L,W,W,D,W"
1994-1995,Nott'm Forest,42,22,11,9,72,43,29,77,21,21,36,18,36,25,12,6,3,10,5,6,"D,W,W,W,W,D,W,W,W,W,W,D,D,L,L,D,W,L,L,W,L,W,D,W,W,D,L,L,D,L,L,W,W,D,W,W,D,W,W,W,D,W"
1994-1995,Liverpool,42,21,11,10,65,37,28,74,21,21,38,13,27,24,13,5,3,8,6,7,"W,L,L,D,W,W,L,W,L,W,D,W,L,W,W,D,D,D,L,W,W,W,W,D,D,D,D,L,W,W,L,W,W,L,W,W,D,L,D,W,W,W"
1994-1995,Leeds,42,20,13,9,59,38,21,73,21,21,35,15,24,23,13,5,3,7,8,6,"D,W,W,W,W,D,W,W,D,L,W,W,W,L,D,W,D,D,W,D,D,L,D,W,D,L,W,L,W,L,W,W,D,L,W,D,L,W,W,L,W,D"
1994-1995,Newcastle,42,20,12,10,67,47,20,72,21,21,46,20,21,27,14,6,1,6,6,9,"W,L,D,D,L,L,W,D,L,W,W,L,W,W,W,L,W,W,D,D,D,L,D,D,W,L,D,L,D,W,L,W,W,D,W,D,W,W,W,W,W,W"
1994-1995,Spurs,42,16,14,12,66,58,8,62,21,21,32,25,34,33,10,5,6,6,9,6,"D,L,L,D,D,W,D,W,L,D,W,D,W,D,L,D,W,L,W,W,W,D,W,D,W,W,D,D,L,L,W,L,D,D,W,L,L,L,W,L,W,W"
1994-1995,QPR,42,17,9,16,61,59,2,60,21,21,36,26,25,33,11,3,7,6,6,9,"W,W,D,L,L,L,W,W,L,W,W,L,W,W,W,D,D,W,L,L,W,D,D,W,L,W,L,W,L,W,W,L,L,D,L,L,D,D,D,L,W,L"
1994-1995,Wimbledon,42,15,11,16,48,65,-17,56,21,21,26,26,22,39,9,5,7,6,6,9,"D,D,D,D,L,L,D,W,W,W,W,L,L,W,L,L,D,L,W,W,D,W,W,D,W,L,L,W,W,L,W,L,L,L,L,W,D,W,L,L,D,D"
1994-1995,Chelsea,42,13,15,14,50,55,-5,54,21,21,25,22,25,33,7,7,7,6,8,7,"W,D,D,W,D,W,L,D,D,L,L,L,W,D,W,D,D,L,D,D,D,L,L,D,L,W,L,D,W,L,D,D,W,L,W,L,W,L,L,W,W,W"
1994-1995,Southampton,42,12,18,12,61,63,-2,54,21,21,33,27,28,36,8,9,4,4,9,8,"D,L,D,W,D,W,W,W,L,W,W,L,D,D,L,D,D,D,D,D,D,D,L,W,L,L,D,W,D,D,L,L,L,W,W,W,D,W,L,L,D,D"
1994-1995,Arsenal,42,13,12,17,52,49,3,51,21,21,27,21,25,28,6,9,6,7,3,11,"L,D,D,W,W,L,L,W,L,L,L,L,W,W,D,L,D,W,D,L,L,W,D,L,W,D,D,L,L,D,D,W,W,W,L,W,L,D,D,L,L,W"
1994-1995,Sheffield Wed,42,13,12,17,49,57,-8,51,21,21,26,26,23,31,7,7,7,6,5,10,"W,L,D,D,L,W,L,L,L,L,D,W,L,L,L,W,W,D,D,D,W,W,W,L,L,W,D,W,D,L,D,L,W,W,L,D,D,L,D,W,L,L"
1994-1995,Coventry,42,12,14,16,44,62,-18,50,21,21,23,25,21,37,7,7,7,5,7,9,"D,W,L,L,L,W,L,L,W,D,D,D,W,W,W,D,D,L,D,L,L,L,D,D,L,D,W,W,D,L,W,L,W,W,D,L,W,D,L,L,L,D"
1994-1995,Everton,42,11,17,14,44,51,-7,50,21,21,31,23,13,28,8,9,4,3,8,10,"D,W,D,D,D,D,W,L,W,D,L,D,W,L,D,W,L,D,W,D,L,W,L,D,D,W,W,W,D,W,D,L,L,L,L,D,D,L,L,L,L,D"
1994-1995,West Ham,42,13,11,18,44,48,-4,50,21,21,28,19,16,29,9,6,6,4,5,12,"D,W,L,D,W,D,W,D,W,D,D,L,W,L,L,D,W,L,L,L,W,L,D,W,D,L,L,L,W,L,L,W,L,W,W,L,W,D,L,L,L,D"
1994-1995,Man City,42,12,13,17,53,64,-11,49,21,21,37,28,16,36,8,7,6,4,6,11,"L,L,D,D,W,W,L,L,L,W,D,L,D,D,W,L,D,L,D,D,D,L,L,L,L,W,W,W,L,D,L,W,W,D,L,W,D,D,L,W,W,L"
1994-1995,Aston Villa,42,11,15,16,51,56,-5,48,21,21,27,24,24,32,6,9,6,5,6,10,"D,W,D,L,L,L,D,W,L,D,L,L,D,W,W,L,W,W,W,D,D,W,D,L,D,D,D,W,L,L,L,L,D,L,L,L,L,W,W,D,D,D"
1994-1995,Crystal Palace,42,11,12,19,34,49,-15,45,21,21,16,23,18,26,6,6,9,5,6,10,"L,L,W,L,L,L,W,D,D,W,L,W,D,L,L,W,D,L,W,L,L,D,D,L,D,L,D,L,W,W,W,W,L,L,W,L,D,D,L,D,D,L"
1994-1995,Norwich,42,10,13,19,37,54,-17,43,21,21,27,21,10,33,8,8,5,2,5,14,"D,L,L,L,L,L,L,L,W,L,D,D,D,D,L,D,L,D,L,L,W,L,L,W,W,L,W,L,D,D,L,W,D,W,W,L,W,D,D,W,D,L"
1994-1995,Leicester,42,6,11,25,45,80,-35,29,21,21,28,37,17,43,5,6,10,1,5,15,"D,D,W,L,L,L,W,L,L,L,L,L,D,L,D,D,L,W,L,L,L,D,L,D,L,D,L,W,L,L,L,L,W,L,D,D,W,L,D,L,L,L"
1994-1995,Ipswich,42,7,6,29,36,93,-57,27,21,21,24,34,12,59,5,3,13,2,3,16,"L,L,W,L,D,L,L,L,L,L,L,L,L,W,L,L,L,D,W,W,L,L,D,D,L,L,D,L,L,W,L,L,L,L,L,W,L,L,L,W,D,L"
1993-1994,Man Utd,42,27,11,4,80,38,42,92,21,21,39,13,41,25,14,6,1,13,5,3,"D,W,W,W,W,L,W,L,W,D,D,W,L,D,W,W,W,D,D,W,D,W,D,W,D,W,D,W,W,W,W,W,W,W,W,L,W,W,W,D,W,W"
1993-1994,Blackburn,42,25,9,8,63,36,27,84,21,21,31,11,32,25,14,5,2,11,4,6,"D,L,W,D,L,W,W,W,L,W,W,W,L,D,W,W,W,W,W,W,W,D,W,W,W,L,W,W,L,W,D,D,W,D,L,W,D,D,W,W,L,W"
1993-1994,Newcastle,42,23,8,11,82,41,41,77,21,21,51,14,31,27,14,4,3,9,4,8,"W,L,W,W,W,L,D,D,W,W,W,W,W,W,L,L,L,W,W,W,L,D,W,D,W,L,W,W,W,W,L,L,W,W,D,W,D,D,W,D,L,L"
1993-1994,Arsenal,42,18,17,7,53,28,25,71,21,21,25,15,28,13,10,8,3,8,9,4,"L,L,D,W,D,W,D,D,W,D,W,W,W,D,D,D,D,D,W,W,W,L,W,D,L,W,D,W,L,D,D,D,D,W,L,W,D,W,W,W,W,L"
1993-1994,Leeds,42,18,16,8,65,39,26,70,21,21,37,18,28,21,13,6,2,5,10,6,"W,D,W,L,D,W,W,D,L,W,W,D,D,D,W,L,L,D,D,D,D,W,L,W,W,W,D,D,W,D,D,D,W,W,W,W,W,L,L,L,W,D"
1993-1994,Wimbledon,42,18,11,13,56,53,3,65,21,21,35,21,21,32,12,5,4,6,6,9,"L,W,W,W,D,W,D,W,W,W,L,L,W,W,L,W,L,D,W,L,D,L,W,W,L,D,D,L,W,L,L,D,L,D,W,W,W,D,L,D,D,W"
1993-1994,Sheffield Wed,42,16,16,10,76,54,22,64,21,21,48,24,28,30,10,7,4,6,9,6,"D,D,D,W,D,W,W,W,W,L,L,D,L,D,W,W,L,W,W,D,W,W,L,D,W,W,W,D,W,D,D,D,L,D,W,L,D,D,L,L,D,L"
1993-1994,Liverpool,42,17,9,16,59,55,4,60,21,21,33,23,26,32,12,4,5,5,5,11,"L,L,W,L,W,D,L,L,L,W,W,L,W,L,L,D,W,W,D,W,D,D,D,D,W,L,W,L,W,W,D,W,D,L,L,L,L,W,L,W,W,W"
1993-1994,QPR,42,16,12,14,62,61,1,60,21,21,32,29,30,32,8,7,6,8,5,8,"W,D,L,D,D,W,D,L,L,L,W,W,D,W,D,L,W,L,D,L,D,W,W,L,D,D,L,W,W,L,W,W,W,D,D,L,W,W,L,W,L,L"
1993-1994,Aston Villa,42,15,12,15,46,50,-4,57,21,21,23,18,23,32,8,5,8,7,7,7,"W,L,L,L,W,L,D,L,D,L,L,L,W,D,D,W,W,D,W,L,W,L,L,D,D,L,L,W,W,W,W,D,L,D,W,D,W,W,L,D,D,W"
1993-1994,Coventry,42,14,14,14,43,45,-2,56,21,21,23,17,20,28,9,7,5,5,7,9,"D,W,W,D,D,W,W,L,W,L,L,L,L,W,D,L,W,L,L,D,W,W,D,L,W,L,L,D,W,D,L,D,L,L,D,D,W,D,D,D,W,W"
1993-1994,Norwich,42,12,17,13,65,61,4,53,21,21,26,29,39,32,4,9,8,8,8,5,"D,W,L,D,L,D,L,L,L,W,L,L,D,D,D,D,D,D,D,L,W,L,W,L,W,D,L,D,W,D,D,W,W,W,D,L,D,D,W,W,W,L"
1993-1994,West Ham,42,13,13,16,47,58,-11,52,21,21,26,31,21,27,6,7,8,7,6,8,"D,D,W,L,L,W,L,W,W,L,L,L,D,D,D,D,L,D,W,L,D,L,W,L,W,W,D,W,L,W,D,D,W,L,W,D,L,L,W,D,L,L"
1993-1994,Chelsea,42,13,12,17,49,53,-4,51,21,21,31,20,18,33,11,5,5,2,7,12,"W,L,D,W,D,L,D,D,W,L,W,L,W,W,W,L,L,D,D,W,W,W,L,D,L,L,D,L,L,L,L,L,L,W,D,W,D,D,W,L,D,L"
1993-1994,Man City,42,9,18,15,38,49,-11,45,21,21,24,22,14,27,6,10,5,3,8,10,"D,D,L,D,W,W,W,D,D,D,L,D,W,D,L,D,W,L,D,L,D,L,L,W,L,L,D,D,L,L,D,D,D,W,L,W,W,D,L,L,L,D"
1993-1994,Spurs,42,11,12,19,54,59,-5,45,21,21,29,33,25,26,4,8,9,7,4,10,"L,W,L,W,L,L,L,W,W,D,D,D,L,L,L,L,L,L,L,W,L,D,W,D,L,D,D,D,L,L,D,L,W,D,W,D,D,L,W,W,L,W"
1993-1994,Everton,42,12,8,22,42,63,-21,44,21,21,26,30,16,33,8,4,9,4,4,13,"W,L,D,L,W,L,L,D,L,L,L,W,D,D,W,L,W,L,L,L,L,L,D,L,W,D,D,L,L,W,L,D,L,L,W,W,L,L,L,W,W,W"
1993-1994,Ipswich,42,9,16,17,35,58,-23,43,21,21,21,32,14,26,5,8,8,4,8,9,"D,L,L,D,L,L,L,D,L,L,D,W,L,W,D,L,L,D,D,L,D,W,D,W,D,W,D,D,L,L,W,D,L,D,L,L,D,D,L,W,W,W"
1993-1994,Southampton,42,12,7,23,49,66,-17,43,21,21,30,31,19,35,9,2,10,3,5,13,"D,L,W,L,W,W,L,L,L,D,L,D,D,W,W,L,W,W,L,D,W,L,L,L,L,L,W,L,W,L,W,D,D,L,L,L,L,L,W,L,L,L"
1993-1994,Sheffield Utd,42,8,18,16,42,60,-18,42,21,21,24,23,18,37,6,10,5,2,8,11,"L,D,W,W,L,D,W,W,D,D,D,D,D,L,D,L,L,D,W,L,D,L,D,L,D,W,L,L,L,D,D,D,D,L,L,D,L,D,W,L,L,W"
1993-1994,Oldham,42,9,13,20,42,68,-26,40,21,21,24,33,18,35,5,8,8,4,5,12,"D,L,D,D,L,L,L,L,W,W,D,W,L,D,W,W,D,L,L,L,L,D,L,W,D,W,L,L,L,W,D,L,D,D,L,L,L,D,D,L,W,L"
1993-1994,Swindon,42,5,15,22,47,100,-53,30,21,21,25,45,22,55,4,7,10,1,8,12,"L,W,L,L,D,L,D,L,D,L,D,L,D,L,W,W,L,D,L,D,L,W,D,L,D,L,W,D,L,L,D,D,L,L,D,D,L,D,L,L,L,L"
1992-1993,Man Utd,42,24,12,6,67,31,36,84,21,21,39,14,28,17,14,5,2,10,7,4,"W,W,W,W,W,W,W,D,D,D,L,W,W,W,D,W,L,W,W,W,W,D,D,W,W,W,W,L,L,D,D,D,D,D,W,W,W,W,W,D,L,L"
1992-1993,Aston Villa,42,21,11,10,57,40,17,74,21,21,36,16,21,24,13,5,3,8,6,7,"L,L,L,W,W,D,W,L,W,D,D,W,W,W,L,W,L,W,W,W,W,L,D,W,W,L,D,W,W,D,D,W,W,W,D,W,L,W,L,D,D,D"
1992-1993,Norwich,42,21,9,12,61,65,-4,72,21,21,31,19,30,46,13,6,2,8,3,10,"D,W,L,W,L,L,W,L,W,W,W,L,D,D,W,L,W,W,D,L,D,D,L,L,W,W,W,W,D,L,W,L,D,W,W,W,W,W,L,D,W,W"
1992-1993,Blackburn,42,20,11,11,68,46,22,71,21,21,38,18,30,28,13,4,4,7,7,7,"W,W,L,W,W,W,L,W,W,W,D,D,L,D,W,L,L,L,W,D,L,W,W,L,L,W,D,L,D,D,D,W,W,D,L,W,W,W,D,W,W,D"
1992-1993,QPR,42,17,12,13,63,55,8,63,21,21,41,32,22,23,11,5,5,6,7,8,"W,W,D,D,W,W,D,L,D,L,L,W,L,L,W,D,D,W,D,L,W,W,L,L,W,L,L,W,L,W,L,W,D,D,W,D,D,L,W,W,W,D"
1992-1993,Liverpool,42,16,11,15,62,55,7,59,21,21,41,18,21,37,13,4,4,3,7,11,"W,L,L,W,W,D,W,L,D,W,W,W,L,D,D,L,D,D,W,L,L,D,L,W,L,W,W,W,L,W,D,W,L,L,L,W,D,D,D,L,W,L"
1992-1993,Sheffield Wed,42,15,14,13,55,51,4,59,21,21,34,26,21,25,9,8,4,6,6,9,"L,L,W,D,L,D,W,L,D,D,L,W,L,D,W,W,W,W,W,W,W,D,W,L,L,D,D,D,D,D,W,L,W,L,W,L,L,L,D,D,W,D"
1992-1993,Spurs,42,16,11,15,60,66,-6,59,21,21,40,25,20,41,11,5,5,5,6,10,"W,L,L,D,L,W,L,W,W,D,D,L,W,W,W,W,W,L,L,L,W,D,L,W,L,W,D,W,W,D,D,L,L,D,L,W,W,D,L,D,L,D"
1992-1993,Man City,42,15,12,15,56,51,5,57,21,21,30,25,26,26,7,8,6,8,4,9,"L,D,W,D,L,D,D,W,L,D,L,W,W,L,L,D,W,W,L,W,D,W,D,L,L,L,W,W,W,W,D,D,L,L,L,W,W,D,W,L,L,D"
1992-1993,Arsenal,42,15,11,16,40,38,2,56,21,21,25,20,15,18,8,6,7,7,5,9,"L,W,L,D,D,D,L,W,L,D,W,W,D,L,D,W,L,L,W,D,L,D,D,L,L,L,L,W,W,W,W,W,W,D,L,L,D,W,W,W,L,L"
1992-1993,Chelsea,42,14,14,14,51,54,-3,56,21,21,29,22,22,32,9,7,5,5,7,9,"L,W,L,W,L,D,W,D,D,D,W,W,L,L,D,L,L,D,L,L,D,D,D,D,W,W,W,W,L,W,W,L,D,W,L,L,W,W,D,D,L,D"
1992-1993,Wimbledon,42,14,12,16,56,55,1,54,21,21,32,23,24,32,9,4,8,5,8,8,"L,D,D,W,L,W,L,D,W,W,W,L,L,W,W,W,W,L,W,D,D,L,D,W,L,D,L,L,W,D,D,L,W,D,L,W,L,D,D,L,L,L"
1992-1993,Everton,42,15,8,19,53,55,-2,53,21,21,26,27,27,28,7,6,8,8,2,11,"W,L,D,D,L,W,W,L,W,L,W,W,D,L,L,L,L,W,W,W,L,D,W,L,W,L,L,W,L,L,D,L,L,L,W,L,L,D,W,D,W,D"
1992-1993,Coventry,42,13,13,16,52,57,-5,52,21,21,29,28,23,29,7,4,10,6,9,6,"D,L,L,L,D,W,L,D,L,L,L,W,D,L,W,L,W,W,D,L,L,W,W,D,D,D,L,L,D,L,D,D,D,D,W,W,W,L,L,W,W,W"
1992-1993,Ipswich,42,12,16,14,50,55,-5,52,21,21,29,22,21,33,8,9,4,4,7,10,"W,L,W,L,L,D,L,L,D,L,L,L,L,D,D,L,W,W,L,L,W,D,W,W,D,W,D,D,W,D,L,W,D,L,W,D,D,D,D,D,W,D"
1992-1993,Sheffield Utd,42,14,10,18,54,53,1,52,21,21,33,19,21,34,10,6,5,4,4,13,"W,W,W,D,L,D,D,W,W,L,L,W,L,W,L,W,L,L,L,W,D,L,L,W,L,D,L,D,W,D,L,W,D,D,W,L,L,L,D,L,L,W"
1992-1993,Leeds,42,12,15,15,57,62,-5,51,21,21,40,17,17,45,12,8,1,0,7,14,"D,D,D,L,D,L,W,L,D,D,W,W,D,L,W,D,L,W,L,W,D,L,L,W,L,L,W,L,D,L,W,L,W,D,D,L,D,D,W,L,D,W"
1992-1993,Southampton,42,13,11,18,54,61,-7,50,21,21,30,21,24,40,10,6,5,3,5,13,"L,L,D,L,W,L,L,L,W,D,W,W,L,W,W,L,W,L,W,L,L,D,L,D,W,W,D,D,W,L,D,L,W,D,L,L,D,W,L,D,L,D"
1992-1993,Crystal Palace,42,11,16,15,48,61,-13,49,21,21,27,25,21,36,6,9,6,5,7,9,"L,D,W,L,D,W,L,D,D,W,D,D,D,L,W,W,L,L,L,L,W,W,W,W,W,L,D,L,L,D,D,D,L,W,D,L,L,L,D,D,D,D"
1992-1993,Oldham,42,13,10,19,63,74,-11,49,21,21,43,30,20,44,10,6,5,3,4,14,"W,W,W,L,D,L,D,W,W,D,L,W,D,L,L,L,W,L,L,L,L,W,W,L,L,W,L,L,L,D,L,W,L,W,D,L,D,D,L,W,D,D"
1992-1993,Middlesbrough,42,11,11,20,54,75,-21,44,21,21,33,27,21,48,8,5,8,3,6,12,"D,W,W,L,L,W,L,L,D,L,L,W,L,L,L,L,L,W,L,L,L,D,D,D,W,L,W,L,D,D,L,D,D,L,D,W,W,D,L,W,W,L"
1992-1993,Nott'm Forest,42,10,10,22,41,62,-21,40,21,21,17,25,24,37,6,4,11,4,6,11,"L,L,D,L,W,L,L,L,W,D,L,L,D,L,W,W,D,W,L,W,W,L,D,L,W,L,D,L,L,D,W,L,D,D,D,L,L,L,L,L,L,W"
