season,position,team,played,won,draw,lost,goals_for,goals_against,goal_difference,points,home_games_played,away_games_played,home_goals_for,home_goals_against,away_goals_for,away_goals_against,home_wins,home_draws,home_losses,away_wins,away_draws,away_losses,season_form,home_form,away_form
1992-1993,1,Man Utd,42,24,12,6,67,31,36,84,21,21,39,14,28,17,14,5,2,10,7,4,"W,W,W,W,W,W,W,D,D,D,L,W,W,W,D,W,L,W,W,W,W,D,D,W,W,W,W,L,L,D,D,D,D,D,W,W,W,W,W,D,L,L","W,W,W,D,D,W,W,W,W,W,W,W,W,W,L,D,D,W,W,D,L","W,W,W,W,D,L,W,D,L,W,D,D,W,L,D,D,D,W,W,W,L"
1992-1993,2,Aston Villa,42,21,11,10,57,40,17,74,21,21,36,16,21,24,13,5,3,8,6,7,"L,L,L,W,W,D,W,L,W,D,D,W,W,W,L,W,L,W,W,W,W,L,D,W,W,L,D,W,W,D,D,W,W,W,D,W,L,W,L,D,D,D","L,W,D,W,D,W,W,W,W,W,W,W,L,W,W,D,W,W,L,D,D","L,L,W,W,L,D,W,L,L,W,L,D,W,D,D,W,W,D,W,L,D"
1992-1993,3,Norwich,42,21,9,12,61,65,-4,72,21,21,31,19,30,46,13,6,2,8,3,10,"D,W,L,W,L,L,W,L,W,W,W,L,D,D,W,L,W,W,D,L,D,D,L,L,W,W,W,W,D,L,W,L,D,W,W,W,W,W,L,D,W,W","W,W,L,W,W,D,D,W,W,D,D,L,W,W,D,W,W,W,W,D,W","D,L,L,L,W,W,L,L,W,L,D,L,W,W,L,L,D,W,W,L,W"
1992-1993,4,Blackburn,42,20,11,11,68,46,22,71,21,21,38,18,30,28,13,4,4,7,7,7,"W,W,L,W,W,W,L,W,W,W,D,D,L,D,W,L,L,L,W,D,L,W,W,L,L,W,D,L,D,D,D,W,W,D,L,W,W,W,D,W,W,D","W,W,W,W,D,D,W,L,L,D,W,W,W,L,D,W,W,L,W,W,W","W,L,W,L,W,W,L,D,L,W,L,L,L,D,D,D,D,W,W,D,D"
1992-1993,5,QPR,42,17,12,13,63,55,8,63,21,21,41,32,22,23,11,5,5,6,7,8,"W,W,D,D,W,W,D,L,D,L,L,W,L,L,W,D,D,W,D,L,W,W,L,L,W,L,L,W,L,W,L,W,D,D,W,D,D,L,W,W,W,D","W,W,W,L,L,W,W,D,D,L,W,L,W,L,W,W,D,D,D,W,W","D,D,W,D,D,L,L,L,D,W,W,L,L,W,L,L,D,W,L,W,D"
1992-1993,6,Liverpool,42,16,11,15,62,55,7,59,21,21,41,18,21,37,13,4,4,3,7,11,"W,L,L,W,W,D,W,L,D,W,W,W,L,D,D,L,D,D,W,L,L,D,L,W,L,W,W,W,L,W,D,W,L,L,L,W,D,D,D,L,W,L","W,W,W,W,W,W,L,D,D,L,D,W,W,W,W,W,L,W,D,L,W","L,L,D,L,D,W,D,L,D,W,L,L,L,W,L,D,L,L,D,D,L"
1992-1993,7,Sheffield Wed,42,15,14,13,55,51,4,59,21,21,34,26,21,25,9,8,4,6,6,9,"L,L,W,D,L,D,W,L,D,D,L,W,L,D,W,W,W,W,W,W,W,D,W,L,L,D,D,D,D,D,W,L,W,L,W,L,L,L,D,D,W,D","W,D,L,D,W,D,D,W,W,W,D,W,L,D,D,W,W,L,L,D,W","L,L,L,D,L,W,L,W,W,W,W,L,D,D,D,L,L,W,L,D,D"
1992-1993,8,Spurs,42,16,11,15,60,66,-6,59,21,21,40,25,20,41,11,5,5,5,6,10,"W,L,L,D,L,W,L,W,W,D,D,L,W,W,W,W,W,L,L,L,W,D,L,W,L,W,D,W,W,D,D,L,L,D,L,W,W,D,L,D,L,D","L,D,W,W,W,W,W,W,L,L,W,W,L,D,W,D,D,W,W,D,L","W,L,L,L,D,D,L,W,W,L,D,L,W,W,D,L,L,L,D,L,D"
1992-1993,9,Man City,42,15,12,15,56,51,5,57,21,21,30,25,26,26,7,8,6,8,4,9,"L,D,W,D,L,D,D,W,L,D,L,W,W,L,L,D,W,W,L,W,D,W,D,L,L,L,W,W,W,W,D,D,L,L,L,W,W,D,W,L,L,D","L,D,D,D,W,D,W,L,W,L,W,D,L,W,W,D,L,L,D,W,D","W,L,D,L,L,W,L,D,W,W,D,L,L,W,W,D,L,W,W,L,L"
1992-1993,10,Arsenal,42,15,11,16,40,38,2,56,21,21,25,20,15,18,8,6,7,7,5,9,"L,W,L,D,D,D,L,W,L,D,W,W,D,L,D,W,L,L,W,D,L,D,D,L,L,L,L,W,W,W,W,W,W,D,L,L,D,W,W,W,L,L","L,W,D,D,L,W,D,L,L,D,D,D,L,W,W,W,W,L,W,W,L","L,D,W,L,D,W,D,L,W,W,L,L,L,L,W,W,D,L,D,W,L"
1992-1993,11,Chelsea,42,14,14,14,51,54,-3,56,21,21,29,22,22,32,9,7,5,5,7,9,"L,W,L,W,L,D,W,D,D,D,W,W,L,L,D,L,L,D,L,L,D,D,D,D,W,W,W,W,L,W,W,L,D,W,L,L,W,W,D,D,L,D","W,W,W,D,W,W,L,D,L,L,D,D,W,W,L,W,D,L,W,D,D","L,L,L,D,D,D,L,L,D,L,D,D,W,W,W,L,W,L,W,D,L"
1992-1993,12,Wimbledon,42,14,12,16,56,55,1,54,21,21,32,23,24,32,9,4,8,5,8,8,"L,D,D,W,L,W,L,D,W,W,W,L,L,W,W,W,W,L,W,D,D,L,D,W,L,D,L,L,W,D,D,L,W,D,L,W,L,D,D,L,L,L","L,W,W,W,W,L,W,W,L,W,D,W,D,L,D,L,D,W,L,L,L","D,D,L,L,D,W,L,W,W,D,L,D,L,L,W,D,W,L,D,D,L"
1992-1993,13,Everton,42,15,8,19,53,55,-2,53,21,21,26,27,27,28,7,6,8,8,2,11,"W,L,D,D,L,W,W,L,W,L,W,W,D,L,L,L,L,W,W,W,L,D,W,L,W,L,L,W,L,L,D,L,L,L,W,L,L,D,W,D,W,D","L,D,L,W,W,W,D,L,L,W,D,W,W,L,L,D,L,L,D,W,D","W,D,W,L,L,W,L,L,W,W,L,L,L,W,L,L,L,W,L,D,W"
1992-1993,14,Sheffield Utd,42,14,10,18,54,53,1,52,21,21,33,19,21,34,10,6,5,4,4,13,"W,W,W,D,L,D,D,W,W,L,L,W,L,W,L,W,L,L,L,W,D,L,L,W,L,D,L,D,W,D,L,W,D,D,W,L,L,L,D,L,L,W","W,L,D,W,L,L,W,W,W,L,W,W,D,D,D,W,D,W,L,D,W","W,W,D,D,W,L,L,L,L,D,L,L,L,L,W,L,D,L,L,L,L"
1992-1993,15,Coventry,42,13,13,16,52,57,-5,52,21,21,29,28,23,29,7,4,10,6,9,6,"D,L,L,L,D,W,L,D,L,L,L,W,D,L,W,L,W,W,D,L,L,W,W,D,D,D,L,L,D,L,D,D,D,D,W,W,W,L,L,W,W,W","D,L,W,L,L,L,W,L,W,L,W,W,D,L,L,D,D,W,L,L,W","L,L,D,D,L,D,L,W,W,D,L,D,D,L,D,D,D,W,W,W,W"
1992-1993,16,Ipswich,42,12,16,14,50,55,-5,52,21,21,29,22,21,33,8,9,4,4,7,10,"W,L,W,L,L,D,L,L,D,L,L,L,L,D,D,L,W,W,L,L,W,D,W,W,D,W,D,D,W,D,L,W,D,L,W,D,D,D,D,D,W,D","W,W,L,D,D,L,L,D,W,L,W,W,W,D,D,W,D,W,D,D,D","L,L,L,L,L,L,D,L,W,L,D,W,D,D,W,L,L,D,D,D,W"
1992-1993,17,Leeds,42,12,15,15,57,62,-5,51,21,21,40,17,17,45,12,8,1,0,7,14,"D,D,D,L,D,L,W,L,D,D,W,W,D,L,W,D,L,W,L,W,D,L,L,W,L,L,W,L,D,L,W,L,W,D,D,L,D,D,W,L,D,W","D,D,W,D,W,W,W,D,W,W,D,W,L,W,D,W,W,D,D,W,W","D,D,L,L,L,D,D,L,L,L,L,L,L,L,L,L,D,L,D,L,D"
1992-1993,18,Southampton,42,13,11,18,54,61,-7,50,21,21,30,21,24,40,10,6,5,3,5,13,"L,L,D,L,W,L,L,L,W,D,W,W,L,W,W,L,W,L,W,L,L,D,L,D,W,W,D,D,W,L,D,L,W,D,L,L,D,W,L,D,L,D","L,D,W,L,W,W,W,W,W,W,L,D,W,D,W,D,D,L,W,L,D","L,L,L,L,D,W,L,L,L,L,D,L,W,D,L,L,W,L,D,D,L"
1992-1993,19,Oldham,42,13,10,19,63,74,-11,49,21,21,43,30,20,44,10,6,5,3,4,14,"W,W,W,L,D,L,D,W,W,D,L,W,D,L,L,L,W,L,L,L,L,W,W,L,L,W,L,L,L,D,L,W,L,W,D,L,D,D,L,W,D,D","W,W,D,D,W,D,W,L,W,L,L,W,W,L,D,W,W,L,D,W,D","W,L,L,W,L,D,L,L,L,L,W,L,L,L,L,L,L,D,D,L,D"
1992-1993,20,Crystal Palace,42,11,16,15,48,61,-13,49,21,21,27,25,21,36,6,9,6,5,7,9,"L,D,W,L,D,W,L,D,D,W,D,D,D,L,W,W,L,L,L,L,W,W,W,W,W,L,D,L,L,D,D,D,L,W,D,L,L,L,D,D,D,D","W,L,W,D,D,D,D,W,L,L,W,W,W,D,L,D,L,D,L,D,D","L,D,D,L,W,D,L,W,L,L,W,W,L,L,D,D,W,L,L,D,D"
1992-1993,21,Middlesbrough,42,11,11,20,54,75,-21,44,21,21,33,27,21,48,8,5,8,3,6,12,"D,W,W,L,L,W,L,L,D,L,L,W,L,L,L,L,L,W,L,L,L,D,D,D,W,L,W,L,D,D,L,D,D,L,D,W,W,D,L,W,W,L","D,W,L,W,L,L,L,L,W,L,L,D,W,W,D,D,L,W,D,W,W","W,L,L,D,L,W,L,L,L,L,D,D,L,L,D,L,D,D,W,L,L"
1992-1993,22,Nott'm Forest,42,10,10,22,41,62,-21,40,21,21,17,25,24,37,6,4,11,4,6,11,"L,L,D,L,W,L,L,L,W,D,L,L,D,L,W,W,D,W,L,W,W,L,D,L,W,L,D,L,L,D,W,L,D,D,D,L,L,L,L,L,L,W","L,W,L,L,D,L,D,L,W,W,W,D,L,L,L,W,L,D,L,L,W","L,D,L,L,W,L,W,D,L,W,L,L,W,D,D,D,D,L,L,L,L"
1993-1994,1,Man Utd,42,27,11,4,80,38,42,92,21,21,39,13,41,25,14,6,1,13,5,3,"D,W,W,W,W,L,W,L,W,D,D,W,L,D,W,W,W,D,D,W,D,W,D,W,D,W,D,W,W,W,W,W,W,W,W,L,W,W,W,D,W,W","D,W,W,W,W,W,L,W,D,D,W,D,D,W,W,W,W,W,W,D,W","W,W,L,L,D,D,D,W,W,D,W,D,W,W,W,W,W,L,W,W,W"
1993-1994,2,Blackburn,42,25,9,8,63,36,27,84,21,21,31,11,32,25,14,5,2,11,4,6,"D,L,W,D,L,W,W,W,L,W,W,W,L,D,W,W,W,W,W,W,W,D,W,W,W,L,W,W,L,W,D,D,W,D,L,W,D,D,W,W,L,W","D,D,W,W,W,W,W,W,W,W,W,W,W,W,W,D,D,L,D,W,L","L,W,L,W,L,W,L,D,W,W,W,D,W,L,L,D,W,W,D,W,W"
1993-1994,3,Newcastle,42,23,8,11,82,41,41,77,21,21,51,14,31,27,14,4,3,9,4,8,"W,L,W,W,W,L,D,D,W,W,W,W,W,W,L,L,L,W,W,W,L,D,W,D,W,L,W,W,W,W,L,L,W,W,D,W,D,D,W,D,L,L","W,W,W,D,W,W,W,W,L,W,D,D,W,W,W,L,W,W,D,W,L","L,W,L,D,W,W,L,L,W,W,L,W,W,L,W,L,W,D,D,D,L"
1993-1994,4,Arsenal,42,18,17,7,53,28,25,71,21,21,25,15,28,13,10,8,3,8,9,4,"L,L,D,W,D,W,D,D,W,D,W,W,W,D,D,D,D,D,W,W,W,L,W,D,L,W,D,W,L,D,D,D,D,W,L,W,D,W,W,W,W,L","L,D,W,D,W,D,W,D,D,W,W,D,W,L,D,D,W,W,W,W,L","L,D,W,D,W,W,D,D,D,W,W,L,L,D,W,D,D,L,D,W,W"
1993-1994,5,Leeds,42,18,16,8,65,39,26,70,21,21,37,18,28,21,13,6,2,5,10,6,"W,D,W,L,D,W,W,D,L,W,W,D,D,D,W,L,L,D,D,D,D,W,L,W,W,W,D,D,W,D,D,D,W,W,W,W,W,L,L,L,W,D","D,W,L,W,D,W,W,D,W,D,D,W,W,W,W,D,W,W,W,L,W","W,D,W,L,D,D,L,L,D,D,L,W,D,D,D,D,W,W,L,L,D"
1993-1994,6,Wimbledon,42,18,11,13,56,53,3,65,21,21,35,21,21,32,12,5,4,6,6,9,"L,W,W,W,D,W,D,W,W,W,L,L,W,W,L,W,L,D,W,L,D,L,W,W,L,D,D,L,W,L,L,D,L,D,W,W,W,D,L,D,D,W","W,W,W,D,W,W,W,W,W,L,L,W,L,D,W,L,D,W,W,D,D","L,W,D,W,L,L,W,L,L,D,D,W,D,L,L,D,L,W,D,L,W"
1993-1994,7,Sheffield Wed,42,16,16,10,76,54,22,64,21,21,48,24,28,30,10,7,4,6,9,6,"D,D,D,W,D,W,W,W,W,L,L,D,L,D,W,W,L,W,W,D,W,W,L,D,W,W,W,D,W,D,D,D,L,D,W,L,D,D,L,L,D,L","D,W,W,W,W,L,L,W,W,D,W,W,W,D,D,D,L,W,D,L,D","D,D,D,W,L,D,D,W,L,W,W,L,D,W,W,D,D,L,D,L,L"
1993-1994,8,Liverpool,42,17,9,16,59,55,4,60,21,21,33,23,26,32,12,4,5,5,5,11,"L,L,W,L,W,D,L,L,L,W,W,L,W,L,L,D,W,W,D,W,D,D,D,D,W,L,W,L,W,W,D,W,D,L,L,L,L,W,L,W,W,W","L,L,W,L,W,W,W,W,D,D,D,W,W,W,W,W,D,L,W,L,W","L,W,D,L,L,L,L,L,D,W,W,D,D,L,L,D,L,L,L,W,W"
1993-1994,9,QPR,42,16,12,14,62,61,1,60,21,21,32,29,30,32,8,7,6,8,5,8,"W,D,L,D,D,W,D,L,L,L,W,W,D,W,D,L,W,L,D,L,D,W,W,L,D,D,L,W,W,L,W,W,W,D,D,L,W,W,L,W,L,L","D,L,D,W,D,L,W,D,L,L,L,W,D,D,W,W,W,D,W,W,L","W,D,L,L,W,D,W,W,D,D,W,L,L,W,L,W,D,L,W,L,L"
1993-1994,10,Aston Villa,42,15,12,15,46,50,-4,57,21,21,23,18,23,32,8,5,8,7,7,7,"W,L,L,L,W,L,D,L,D,L,L,L,W,D,D,W,W,D,W,L,W,L,L,D,D,L,L,W,W,W,W,D,L,D,W,D,W,W,L,D,D,W","W,L,D,D,L,L,D,W,W,W,L,L,D,L,W,W,L,D,W,L,W","L,L,W,L,L,L,W,D,D,W,L,D,L,W,W,D,D,W,W,D,D"
1993-1994,11,Coventry,42,14,14,14,43,45,-2,56,21,21,23,17,20,28,9,7,5,5,7,9,"D,W,W,D,D,W,W,L,W,L,L,L,L,W,D,L,W,L,L,D,W,W,D,L,W,L,L,D,W,D,L,D,L,L,D,D,W,D,D,D,W,W","W,D,W,L,W,L,W,W,L,D,D,W,L,W,D,D,L,D,W,D,W","D,W,D,W,L,L,L,D,L,L,W,W,L,L,D,L,L,D,D,D,W"
1993-1994,12,Norwich,42,12,17,13,65,61,4,53,21,21,26,29,39,32,4,9,8,8,8,5,"D,W,L,D,L,D,L,L,L,W,L,L,D,D,D,D,D,D,D,L,W,L,W,L,W,D,L,D,W,D,D,W,W,W,D,L,D,D,W,W,W,L","D,L,L,L,W,L,D,D,D,D,D,L,L,W,D,D,W,L,D,W,L","W,D,D,L,L,L,D,D,W,W,L,D,L,W,D,W,W,D,D,W,W"
1993-1994,13,West Ham,42,13,13,16,47,58,-11,52,21,21,26,31,21,27,6,7,8,7,6,8,"D,D,W,L,L,W,L,W,W,L,L,L,D,D,D,D,L,D,W,L,D,L,W,L,W,W,D,W,L,W,D,D,W,L,W,D,L,L,W,D,L,L","D,L,L,L,W,L,D,D,D,L,W,L,D,W,W,D,W,D,L,W,L","D,W,W,W,L,L,D,D,L,W,D,L,W,W,L,D,L,W,L,D,L"
1993-1994,14,Chelsea,42,13,12,17,49,53,-4,51,21,21,31,20,18,33,11,5,5,2,7,12,"W,L,D,W,D,L,D,D,W,L,W,L,W,W,W,L,L,D,D,W,W,W,L,D,L,L,D,L,L,L,L,L,L,W,D,W,D,D,W,L,D,L","W,L,W,D,W,W,W,W,D,W,W,D,D,L,L,L,W,W,D,W,L","D,L,D,D,L,L,W,L,L,D,W,L,L,L,L,L,L,D,D,L,D"
1993-1994,15,Spurs,42,11,12,19,54,59,-5,45,21,21,29,33,25,26,4,8,9,7,4,10,"L,W,L,W,L,L,L,W,W,D,D,D,L,L,L,L,L,L,L,W,L,D,W,D,L,D,D,D,L,L,D,L,W,D,W,D,D,L,W,W,L,W","L,W,L,D,D,D,L,L,L,L,L,D,L,D,D,D,W,W,D,W,L","W,L,L,L,W,W,L,L,L,W,W,D,D,L,L,L,D,D,L,W,W"
1993-1994,16,Man City,42,9,18,15,38,49,-11,45,21,21,24,22,14,27,6,10,5,3,8,10,"D,D,L,D,W,W,W,D,D,D,L,D,W,D,L,D,W,L,D,L,D,L,L,W,L,L,D,D,L,L,D,D,D,W,L,W,W,D,L,L,L,D","D,D,W,W,D,L,W,D,W,D,D,L,W,L,L,D,D,W,D,L,D","D,L,W,D,D,D,D,L,L,L,L,L,D,D,L,D,W,L,W,L,L"
1993-1994,17,Everton,42,12,8,22,42,63,-21,44,21,21,26,30,16,33,8,4,9,4,4,13,"W,L,D,L,W,L,L,D,L,L,L,W,D,D,W,L,W,L,L,L,L,L,D,L,W,D,D,L,L,W,L,D,L,L,W,W,L,L,L,W,W,W","W,D,L,L,W,D,D,W,W,L,L,L,W,D,L,L,L,W,L,W,W","L,L,W,L,D,L,L,L,L,L,D,L,D,L,W,D,L,W,L,L,W"
1993-1994,18,Southampton,42,12,7,23,49,66,-17,43,21,21,30,31,19,35,9,2,10,3,5,13,"D,L,W,L,W,W,L,L,L,D,L,D,D,W,W,L,W,W,L,D,W,L,L,L,L,L,W,L,W,L,W,D,D,L,L,L,L,L,W,L,L,L","W,W,L,L,L,D,W,W,W,L,W,L,L,L,W,W,D,L,L,W,L","D,L,L,W,L,D,D,L,W,D,L,L,W,L,L,D,L,L,L,L,L"
1993-1994,19,Ipswich,42,9,16,17,35,58,-23,43,21,21,21,32,14,26,5,8,8,4,8,9,"D,L,L,D,L,L,L,D,L,L,D,W,L,W,D,L,L,D,D,L,D,W,D,W,D,W,D,D,L,L,W,D,L,D,L,L,D,D,L,W,W,W","L,D,L,D,L,L,W,D,L,D,W,D,W,L,L,D,D,L,D,W,W","D,L,L,L,L,D,W,D,L,L,D,D,W,D,D,W,L,L,D,L,W"
1993-1994,20,Sheffield Utd,42,8,18,16,42,60,-18,42,21,21,24,23,18,37,6,10,5,2,8,11,"L,D,W,W,L,D,W,W,D,D,D,D,D,L,D,L,L,D,W,L,D,L,D,L,D,W,L,L,L,D,D,D,D,L,L,D,L,D,W,L,L,W","W,L,D,W,D,D,D,D,L,W,D,D,L,W,L,D,L,D,D,W,W","L,D,W,W,D,D,L,L,D,L,L,D,L,L,D,D,D,L,L,L,L"
1993-1994,21,Oldham,42,9,13,20,42,68,-26,40,21,21,24,33,18,35,5,8,8,4,5,12,"D,L,D,D,L,L,L,L,W,W,D,W,L,D,W,W,D,L,L,L,L,D,L,W,D,W,L,L,L,W,D,L,D,D,L,L,L,D,D,L,W,L","L,D,D,L,W,D,D,W,W,L,L,L,W,W,L,D,D,L,D,D,L","D,L,L,L,W,W,L,D,L,L,D,D,L,L,W,L,D,L,L,L,W"
1993-1994,22,Swindon,42,5,15,22,47,100,-53,30,21,21,25,45,22,55,4,7,10,1,8,12,"L,W,L,L,D,L,D,L,D,L,D,L,D,L,W,W,L,D,L,D,L,W,D,L,D,L,W,D,L,L,D,D,L,L,D,D,L,D,L,L,L,L","L,L,L,D,D,D,W,W,L,L,W,D,W,D,L,D,L,D,L,L,L","W,L,D,D,L,L,L,L,L,D,D,D,L,L,L,D,L,D,D,L,L"
1994-1995,1,Blackburn,42,27,8,7,80,39,41,89,21,21,54,21,26,18,17,2,2,10,6,5,"L,W,L,W,L,D,W,W,W,D,W,W,D,W,W,L,D,W,L,W,W,W,W,D,W,W,W,W,W,W,W,L,W,D,L,W,W,W,D,W,W,D","W,W,L,W,W,D,W,W,D,W,W,W,W,W,W,L,W,W,W,W,W","L,L,D,W,W,D,W,L,L,W,W,D,W,W,W,W,D,L,W,D,D"
1994-1995,2,Man Utd,42,26,10,6,77,28,49,88,21,21,42,4,35,24,16,4,1,10,6,5,"D,W,W,W,D,W,D,W,L,D,W,W,L,W,W,W,D,W,D,W,D,D,W,L,W,W,D,W,W,W,W,W,W,L,W,L,W,L,W,W,D,W","W,W,D,D,W,D,W,W,W,W,D,L,W,W,W,W,W,W,W,W,W","D,W,W,L,W,L,W,W,D,D,D,W,W,D,W,W,L,L,L,W,D"
1994-1995,3,Nott'm Forest,42,22,11,9,72,43,29,77,21,21,36,18,36,25,12,6,3,10,5,6,"D,W,W,W,W,D,W,W,W,W,W,D,D,L,L,D,W,L,L,W,L,W,D,W,W,D,L,L,D,L,L,W,W,D,W,W,D,W,W,W,D,W","W,W,D,W,W,W,D,D,L,W,W,W,D,L,D,L,W,W,W,W,D","D,W,W,W,W,D,L,L,W,L,L,D,W,L,L,W,D,W,D,W,W"
1994-1995,4,Liverpool,42,21,11,10,65,37,28,74,21,21,38,13,27,24,13,5,3,8,6,7,"W,L,L,D,W,W,L,W,L,W,D,W,L,W,W,D,D,D,L,W,W,W,W,D,D,D,D,L,W,W,L,W,W,L,W,W,D,L,D,W,W,W","W,W,L,W,W,L,W,D,D,L,W,W,D,D,W,W,W,W,W,D,W","L,L,D,W,L,W,D,W,D,W,W,D,D,L,L,W,L,D,L,W,W"
1994-1995,5,Leeds,42,20,13,9,59,38,21,73,21,21,35,15,24,23,13,5,3,7,8,6,"D,W,W,W,W,D,W,W,D,L,W,W,W,L,D,W,D,D,W,D,D,L,D,W,D,L,W,L,W,L,W,W,D,L,W,D,L,W,W,L,W,D","W,W,W,D,W,W,L,W,W,D,L,D,D,W,W,W,D,W,W,L,W","D,W,W,D,L,W,W,D,D,D,D,W,L,L,L,W,L,D,L,W,D"
1994-1995,6,Newcastle,42,20,12,10,67,47,20,72,21,21,46,20,21,27,14,6,1,6,6,9,"W,L,D,D,L,L,W,D,L,W,W,L,W,W,W,L,W,W,D,D,D,L,D,D,W,L,D,L,D,W,L,W,W,D,W,D,W,W,W,W,W,W","W,D,L,W,W,W,W,W,W,W,D,D,W,D,W,W,D,D,W,W,W","L,D,L,D,L,L,W,L,D,L,D,D,L,L,D,L,W,W,W,W,W"
1994-1995,7,Spurs,42,16,14,12,66,58,8,62,21,21,32,25,34,33,10,5,6,6,9,6,"D,L,L,D,D,W,D,W,L,D,W,D,W,D,L,D,W,L,W,W,W,D,W,D,W,W,D,D,L,L,W,L,D,D,W,L,L,L,W,L,W,W","D,L,W,W,D,W,W,L,W,W,D,W,W,D,L,W,D,L,L,L,W","L,D,D,D,L,D,D,D,L,W,W,W,D,D,L,L,D,W,L,W,W"
1994-1995,8,QPR,42,17,9,16,61,59,2,60,21,21,36,26,25,33,11,3,7,6,6,9,"W,W,D,L,L,L,W,W,L,W,W,L,W,W,W,D,D,W,L,L,W,D,D,W,L,W,L,W,L,W,W,L,L,D,L,L,D,D,D,L,W,L","W,L,W,L,W,L,W,W,D,W,D,L,W,W,W,W,L,L,D,L,W","W,D,L,L,W,W,W,D,L,L,W,D,W,L,L,L,D,L,D,D,L"
1994-1995,9,Wimbledon,42,15,11,16,48,65,-17,56,21,21,26,26,22,39,9,5,7,6,6,9,"D,D,D,D,L,L,D,W,W,W,W,L,L,W,L,L,D,L,W,W,D,W,W,D,W,L,L,W,W,L,W,L,L,L,L,W,D,W,L,L,D,D","D,D,L,D,W,W,L,L,D,W,W,W,L,W,W,W,L,L,W,L,D","D,D,L,W,W,W,L,L,L,W,D,W,D,L,L,L,L,W,D,L,D"
1994-1995,10,Southampton,42,12,18,12,61,63,-2,54,21,21,33,27,28,36,8,9,4,4,9,8,"D,L,D,W,D,W,W,W,L,W,W,L,D,D,L,D,D,D,D,D,D,D,L,W,L,L,D,W,D,D,L,L,L,W,W,W,D,W,L,L,D,D","D,W,D,W,W,W,D,D,D,D,L,W,L,W,D,L,W,W,D,L,D","L,D,W,W,L,L,L,D,D,D,D,D,L,D,D,L,L,W,W,L,D"
1994-1995,11,Chelsea,42,13,15,14,50,55,-5,54,21,21,25,22,25,33,7,7,7,6,8,7,"W,D,D,W,D,W,L,D,D,L,L,L,W,D,W,D,D,L,D,D,D,L,L,D,L,W,L,D,W,L,D,D,W,L,W,L,W,L,L,W,W,W","W,W,W,L,D,L,D,D,L,D,D,L,D,L,D,W,W,L,L,W,W","D,D,D,D,L,L,W,W,D,D,L,L,W,D,W,L,D,L,W,L,W"
1994-1995,12,Arsenal,42,13,12,17,52,49,3,51,21,21,27,21,25,28,6,9,6,7,3,11,"L,D,D,W,W,L,L,W,L,L,L,L,W,W,D,L,D,W,D,L,L,W,D,L,W,D,D,L,L,D,D,W,W,W,L,W,L,D,D,L,L,W","D,D,W,L,W,L,W,D,D,D,L,D,L,D,D,W,W,L,L,D,W","L,W,L,L,L,L,W,L,W,L,W,W,D,L,L,D,W,W,D,L,L"
1994-1995,13,Sheffield Wed,42,13,12,17,49,57,-8,51,21,21,26,26,23,31,7,7,7,6,5,10,"W,L,D,D,L,W,L,L,L,L,D,W,L,L,L,W,W,D,D,D,W,W,W,L,L,W,D,W,D,L,D,L,W,W,L,D,D,L,D,W,L,L","W,D,W,L,L,L,L,W,D,D,W,L,W,W,L,D,W,D,D,D,L","L,D,L,L,L,D,W,L,W,D,W,W,L,D,D,L,W,L,L,W,L"
1994-1995,14,West Ham,42,13,11,18,44,48,-4,50,21,21,28,19,16,29,9,6,6,4,5,12,"D,W,L,D,W,D,W,D,W,D,D,L,W,L,L,D,W,L,L,L,W,L,D,W,D,L,L,L,W,L,L,W,L,W,W,L,W,D,L,L,L,D","D,W,D,W,W,D,L,D,L,L,W,D,W,L,W,W,W,L,W,L,D","L,D,D,W,D,L,W,L,W,L,L,D,L,L,L,L,L,W,D,L,L"
1994-1995,15,Everton,42,11,17,14,44,51,-7,50,21,21,31,23,13,28,8,9,4,3,8,10,"D,W,D,D,D,D,W,L,W,D,L,D,W,L,D,W,L,D,W,D,L,W,L,D,D,W,W,W,D,W,D,L,L,L,L,D,D,L,L,L,L,D","D,D,D,W,L,D,W,W,W,W,L,D,W,W,W,D,L,D,D,L,D","D,W,D,W,L,D,L,D,L,D,D,L,D,W,D,L,L,L,L,L,L"
1994-1995,16,Coventry,42,12,14,16,44,62,-18,50,21,21,23,25,21,37,7,7,7,5,7,9,"D,W,L,L,L,W,L,L,W,D,D,D,W,W,W,D,D,L,D,L,L,L,D,D,L,D,W,W,D,L,W,L,W,W,D,L,W,D,L,L,L,D","D,L,W,L,D,W,W,D,L,L,D,D,D,W,L,W,W,L,W,L,D","W,L,L,L,W,D,D,W,D,D,L,L,L,W,D,L,W,D,D,L,L"
1994-1995,17,Man City,42,12,13,17,53,64,-11,49,21,21,37,28,16,36,8,7,6,4,6,11,"L,L,D,D,W,W,L,L,L,W,D,L,D,D,W,L,D,L,D,D,D,L,L,L,L,W,W,W,L,D,L,W,W,D,L,W,D,D,L,W,W,L","L,D,W,W,L,D,W,L,L,D,D,L,L,W,D,W,D,W,D,W,W","L,D,W,L,L,L,D,D,D,D,L,L,W,W,L,L,W,L,D,L,L"
1994-1995,18,Aston Villa,42,11,15,16,51,56,-5,48,21,21,27,24,24,32,6,9,6,5,6,10,"D,W,D,L,L,L,D,W,L,D,L,L,D,W,W,L,W,W,W,D,D,W,D,L,D,D,D,W,L,L,L,L,D,L,L,L,L,W,W,D,D,D","W,D,L,L,D,L,D,W,W,W,D,W,D,D,L,L,D,L,W,D,D","D,L,L,D,W,L,W,L,W,D,D,L,D,W,L,L,L,L,L,W,D"
1994-1995,19,Crystal Palace,42,11,12,19,34,49,-15,45,21,21,16,23,18,26,6,6,9,5,6,10,"L,L,W,L,L,L,W,D,D,W,L,W,D,L,L,W,D,L,W,L,L,D,D,L,D,L,D,L,W,W,W,W,L,L,W,L,D,D,L,D,D,L","W,L,D,D,W,W,L,L,D,W,L,D,L,D,W,W,L,L,D,L,L","L,L,L,L,W,L,D,W,L,L,D,D,L,L,W,W,L,W,D,D,D"
1994-1995,20,Norwich,42,10,13,19,37,54,-17,43,21,21,27,21,10,33,8,8,5,2,5,14,"D,L,L,L,L,L,L,L,W,L,D,D,D,D,L,D,L,D,L,L,W,L,L,W,W,L,W,L,D,D,L,W,D,W,W,L,W,D,D,W,D,L","D,L,L,W,D,D,L,D,D,L,W,L,W,W,D,W,W,W,D,W,D","L,L,L,L,L,L,D,D,L,L,L,W,L,L,D,L,D,L,W,D,L"
1994-1995,21,Leicester,42,6,11,25,45,80,-35,29,21,21,28,37,17,43,5,6,10,1,5,15,"D,D,W,L,L,L,W,L,L,L,L,L,D,L,D,D,L,W,L,L,L,D,L,D,L,D,L,W,L,L,L,L,W,L,D,D,W,L,D,L,L,L","D,W,L,W,L,L,L,D,L,L,L,D,D,W,L,L,W,D,W,D,L","D,L,L,L,L,L,D,D,W,L,L,D,L,L,L,L,L,D,L,L,L"
1994-1995,22,Ipswich,42,7,6,29,36,93,-57,27,21,21,24,34,12,59,5,3,13,2,3,16,"L,L,W,L,D,L,L,L,L,L,L,L,L,W,L,L,L,D,W,W,L,L,D,D,L,L,D,L,L,W,L,L,L,L,L,W,L,L,L,W,D,L","L,W,D,L,L,L,W,L,D,W,L,D,L,L,W,L,L,W,L,L,L","L,L,L,L,L,L,L,L,L,W,L,D,L,D,L,L,L,L,L,W,D"
1995-1996,1,Man Utd,38,25,7,6,73,35,38,82,19,19,36,9,37,26,15,4,0,10,3,6,"W,W,W,L,W,W,W,W,D,W,W,W,W,W,W,D,L,W,W,L,L,D,D,D,W,W,L,W,W,W,D,D,W,W,W,W,W,L","W,W,W,W,W,W,W,D,W,W,D,D,W,W,W,D,W,W,W","W,L,W,D,W,W,W,W,L,L,L,D,W,L,W,D,W,W,L"
1995-1996,2,Newcastle,38,24,6,8,66,37,29,78,19,19,38,9,28,28,17,1,1,7,5,7,"D,D,W,W,W,L,W,L,L,W,L,D,L,W,W,W,W,W,L,W,W,L,D,W,D,W,W,D,W,W,W,W,W,L,W,W,W,W","D,W,W,W,W,L,W,W,W,W,W,W,W,W,W,W,W,W,W","D,W,L,L,L,D,L,W,W,L,L,D,D,D,W,W,L,W,W"
1995-1996,3,Liverpool,38,20,11,7,70,34,36,71,19,19,46,13,24,21,14,4,1,6,7,6,"D,D,W,D,W,L,W,L,W,D,W,W,W,D,W,W,D,W,D,W,W,W,D,L,D,L,L,W,W,D,D,W,W,L,W,W,L,W","W,W,W,W,D,W,D,W,W,W,W,D,L,W,D,W,W,W,W","D,D,D,L,L,W,W,W,D,D,W,L,D,L,W,D,L,W,L"
1995-1996,4,Aston Villa,38,18,9,11,52,35,17,63,19,19,32,15,20,20,11,5,3,7,4,8,"L,L,D,L,W,W,D,L,W,W,L,W,D,W,W,L,W,D,W,L,W,D,D,L,W,D,W,W,L,L,W,D,W,D,W,L,W,W","L,D,W,D,W,W,W,W,L,W,W,D,D,W,L,D,W,W,W","L,L,W,L,L,D,W,D,W,L,D,L,W,W,L,W,D,L,W"
1995-1996,5,Arsenal,38,17,12,9,49,32,17,63,19,19,30,16,19,16,10,7,2,7,5,7,"W,D,D,D,L,W,W,L,W,W,D,W,W,D,L,W,L,L,W,L,D,D,D,D,W,L,W,L,W,W,L,W,W,W,D,D,W,D","W,D,D,W,W,W,D,L,L,W,D,D,W,W,W,W,W,D,D","D,L,L,W,D,W,W,W,L,L,D,D,L,L,W,L,W,D,W"
1995-1996,6,Everton,38,17,10,11,64,44,20,61,19,19,35,19,29,25,10,5,4,7,5,7,"W,W,D,L,W,W,L,D,D,W,W,L,W,D,W,D,W,W,W,L,L,W,D,D,W,W,W,L,D,D,L,L,L,L,W,W,L,D","W,D,W,L,D,W,W,D,W,W,W,D,W,W,D,L,L,W,L","W,L,W,D,W,L,D,W,W,L,L,D,W,L,D,L,L,W,D"
1995-1996,7,Blackburn,38,18,7,13,61,47,14,61,19,19,44,19,17,28,14,2,3,4,5,10,"W,D,W,W,W,L,L,W,W,D,L,L,L,W,W,W,D,W,W,D,W,L,W,D,W,L,L,W,D,W,L,W,L,D,L,L,L,W","D,W,W,L,W,L,W,W,W,W,W,W,W,W,W,W,D,L,W","W,W,L,W,D,L,L,W,D,D,L,D,L,L,D,L,L,L,L"
1995-1996,8,Spurs,38,16,13,9,50,38,12,61,19,19,26,19,24,19,9,5,5,7,8,4,"D,W,D,D,D,L,W,L,W,L,W,W,L,D,L,W,W,L,D,D,W,W,D,D,W,W,W,D,D,L,W,W,W,W,D,L,L,D","D,D,W,L,W,W,L,W,W,D,W,D,W,D,L,W,W,L,L","D,W,D,L,L,W,D,L,L,D,W,D,W,W,D,W,W,D,D"
1995-1996,9,Nott'm Forest,38,15,13,10,50,54,-4,58,19,19,29,17,21,37,11,6,2,4,7,8,"W,D,L,D,L,W,W,L,W,D,W,L,L,L,W,L,W,L,W,W,L,D,D,D,D,L,W,D,W,W,W,D,W,D,D,D,D,W","W,D,D,L,W,W,L,W,W,W,W,D,D,W,W,W,W,D,D","L,W,L,D,W,L,L,L,L,L,D,D,L,D,W,D,D,D,W"
1995-1996,10,West Ham,38,14,9,15,43,52,-9,51,19,19,25,21,18,31,9,5,5,5,4,10,"D,L,D,W,L,D,W,L,W,D,L,W,W,W,W,W,L,L,L,L,W,L,L,W,D,W,L,W,D,W,D,W,L,L,D,D,L,L","D,W,D,W,W,L,W,W,W,L,W,W,D,L,D,W,L,D,L","L,D,L,L,D,W,W,L,L,L,L,L,W,W,W,D,L,D,L"
1995-1996,11,Chelsea,38,12,14,12,46,44,2,50,19,19,30,22,16,22,7,7,5,5,7,7,"L,D,D,W,L,L,D,L,D,D,W,L,L,W,W,D,W,D,L,W,D,W,D,D,W,L,D,L,L,W,W,L,W,W,D,L,D,D","L,W,L,D,D,L,W,W,D,L,W,D,W,D,L,W,W,D,D","D,D,L,L,D,W,L,D,W,W,D,D,L,L,W,L,W,L,D"
1995-1996,12,Middlesbrough,38,11,10,17,35,50,-15,43,19,19,27,27,8,23,8,3,8,3,7,9,"L,L,L,D,W,W,D,D,L,L,D,L,L,L,L,L,L,L,L,W,L,W,D,W,L,D,D,L,W,W,W,W,W,D,D,L,W,D","L,L,W,D,L,L,L,L,L,W,W,W,L,D,W,W,W,D,W","L,D,W,D,L,D,L,L,L,L,L,D,D,L,W,W,D,L,D"
1995-1996,13,Leeds,38,12,7,19,40,57,-17,43,19,19,21,21,19,36,8,3,8,4,4,11,"D,L,L,L,L,L,L,W,L,D,L,W,L,L,L,L,W,D,L,W,W,L,D,L,L,W,D,W,D,L,W,W,L,L,D,W,W,W","L,L,L,W,L,D,L,W,D,W,D,L,W,W,L,W,L,W,W","D,L,L,L,L,W,L,L,L,L,W,L,L,D,D,W,L,D,W"
1995-1996,14,Wimbledon,38,10,11,17,55,70,-15,41,19,19,27,33,28,37,5,6,8,5,5,9,"D,L,L,W,W,D,W,W,L,D,D,D,L,L,W,L,L,W,W,D,L,D,D,D,L,D,L,L,L,L,L,L,L,W,D,L,W,W","L,W,W,L,D,D,L,W,L,D,L,D,D,L,L,L,W,D,W","D,L,W,D,W,D,L,L,W,W,D,D,L,L,L,L,L,L,W"
1995-1996,15,Sheffield Wed,38,10,10,18,48,61,-13,40,19,19,30,31,18,30,7,5,7,3,5,11,"D,L,D,L,W,L,L,W,W,L,L,L,L,W,L,L,D,W,L,D,W,D,W,D,L,D,D,L,W,L,L,D,L,W,D,L,W,L","L,D,W,W,L,L,W,D,W,D,W,W,D,L,L,D,L,L,W","D,L,L,L,W,L,L,L,L,L,D,D,L,D,W,L,W,D,L"
1995-1996,16,Coventry,38,8,14,16,42,60,-18,38,19,19,21,23,21,37,6,7,6,2,7,10,"D,W,D,W,L,W,L,L,L,D,D,D,W,D,L,D,L,D,W,W,L,W,L,D,L,D,L,L,L,D,L,L,L,D,D,D,W,L","D,W,W,L,D,D,W,L,D,W,W,D,L,L,L,L,D,D,W","W,D,L,L,L,D,D,L,D,W,L,L,D,L,D,L,L,D,L"
1995-1996,17,Southampton,38,9,11,18,34,52,-18,38,19,19,21,18,13,34,7,7,5,2,4,13,"D,W,L,W,L,W,L,L,W,L,L,L,L,D,D,W,L,D,D,D,L,D,D,W,L,L,W,W,L,L,D,L,L,D,W,D,L,L","D,W,W,W,L,L,D,D,W,D,D,W,L,W,L,D,W,D,L","W,L,L,L,L,L,L,L,D,D,L,D,L,W,L,L,L,D,L"
1995-1996,18,Man City,38,9,11,18,33,58,-25,38,19,19,21,19,12,39,7,7,5,2,4,13,"D,W,W,L,L,D,L,W,D,L,D,D,L,W,D,D,L,W,L,L,D,L,W,W,W,D,W,L,D,L,L,L,L,L,L,L,L,D","D,W,L,W,D,D,W,D,W,L,D,W,W,W,D,L,L,L,D","W,L,D,L,D,L,L,D,L,L,L,W,D,L,L,L,L,L,L"
1995-1996,19,QPR,38,9,6,23,38,57,-19,33,19,19,25,26,13,31,6,5,8,3,1,15,"L,W,L,W,L,W,D,D,L,L,D,W,L,L,L,L,L,L,L,W,W,L,D,L,L,D,L,D,L,L,W,L,W,L,L,W,L,L","W,W,W,D,L,D,L,L,L,W,W,D,D,D,L,L,L,W,L","L,L,L,D,L,W,L,L,L,L,L,L,L,L,L,W,W,L,L"
1995-1996,20,Bolton,38,8,5,25,39,71,-32,29,19,19,16,31,23,40,5,4,10,3,1,15,"L,L,L,W,L,D,W,L,W,W,L,W,L,L,L,W,L,L,L,D,L,L,D,L,L,L,L,W,L,D,L,L,L,D,L,W,L,L","L,W,D,W,L,L,L,W,L,L,L,D,L,W,D,L,D,W,L","L,L,L,W,W,W,L,L,L,D,L,L,L,L,L,L,L,L,L"
1996-1997,1,Man Utd,38,21,12,5,76,44,32,75,19,19,38,17,38,27,12,5,2,9,7,3,"W,D,D,D,W,W,L,W,W,L,W,D,W,W,W,W,W,D,W,W,W,D,D,W,D,W,L,L,L,W,W,D,W,W,D,D,D,W","W,D,D,L,W,W,W,W,D,W,W,W,W,L,W,W,W,D,D","D,W,W,W,L,D,W,W,W,W,D,D,D,L,L,D,W,D,W"
1996-1997,2,Newcastle,38,19,11,8,73,40,33,68,19,19,54,20,19,20,13,3,3,6,8,5,"W,D,D,W,W,W,D,D,D,W,L,L,W,W,W,D,D,W,W,L,D,L,D,L,D,D,W,L,W,W,W,W,W,W,W,L,W,L","W,W,W,D,W,L,W,W,W,W,D,L,D,W,W,W,W,L,W","D,D,W,D,D,L,W,D,D,L,L,D,D,L,W,W,W,W,L"
1996-1997,3,Arsenal,38,19,11,8,62,32,30,68,19,19,36,18,26,14,10,5,4,9,6,4,"W,L,D,D,W,W,L,W,W,W,L,L,D,D,W,W,L,W,D,D,L,D,W,W,W,L,D,W,D,W,W,W,W,D,D,W,L,W","L,D,W,L,W,L,L,W,W,D,D,W,W,W,D,W,W,D,W","W,D,W,W,W,D,D,W,L,D,L,W,L,D,W,W,D,W,L"
1996-1997,4,Liverpool,38,19,11,8,62,37,25,68,19,19,38,19,24,18,10,6,3,9,5,5,"D,L,W,L,D,W,L,W,D,W,L,D,W,W,W,D,L,W,D,D,W,W,L,W,D,D,W,L,W,L,W,W,W,W,W,D,W,D","W,L,L,W,D,W,W,D,D,W,W,L,D,D,W,W,W,D,W","D,L,D,W,W,D,L,W,L,W,D,W,W,L,L,W,W,W,D"
1996-1997,5,Aston Villa,38,17,10,11,47,34,13,61,19,19,27,13,20,21,11,5,3,6,5,8,"W,L,D,D,L,W,W,W,D,L,W,D,W,W,L,L,D,D,D,L,W,W,W,W,W,L,W,L,W,L,L,D,D,D,W,W,W,L","W,D,W,D,W,W,W,L,D,L,W,W,L,W,W,D,D,W,W","L,D,L,W,W,L,D,L,D,D,W,W,W,L,L,L,D,W,L"
1996-1997,6,Chelsea,38,16,11,11,58,55,3,59,19,19,33,22,25,33,9,8,2,7,3,9,"W,D,W,W,L,L,L,L,W,W,L,D,L,D,W,W,L,W,D,W,W,L,D,L,D,D,W,W,L,W,D,L,D,W,D,W,W,D","D,W,L,W,W,D,D,W,W,D,W,D,D,W,L,D,D,W,W","W,W,L,L,L,L,L,W,L,W,L,L,D,W,W,L,W,D,D"
1996-1997,7,Sheffield Wed,38,14,15,9,50,51,-1,57,19,19,25,16,25,35,8,10,1,6,5,8,"D,L,L,L,W,D,W,D,L,W,W,W,W,D,D,W,L,W,D,D,D,D,W,D,D,W,D,D,D,L,L,D,L,L,W,W,W,W","D,W,D,W,D,W,W,D,W,D,D,D,W,D,D,D,L,W,W","L,L,L,L,W,W,D,W,L,D,D,W,D,D,L,L,L,W,W"
1996-1997,8,Wimbledon,38,15,11,12,49,46,3,56,19,19,28,21,21,25,9,6,4,6,5,8,"W,W,D,L,L,W,L,L,D,D,L,D,L,D,W,D,L,L,D,W,L,W,W,W,D,D,D,D,W,W,W,W,W,W,W,L,L,L","W,W,L,W,L,D,D,L,D,D,W,W,D,D,W,W,W,W,L","D,L,L,L,D,D,W,L,L,W,L,W,D,D,W,W,W,L,L"
1996-1997,9,Leicester,38,12,11,15,46,54,-8,47,19,19,22,26,24,28,7,5,7,5,6,8,"W,W,D,L,L,L,D,D,D,L,D,W,W,W,L,D,W,L,D,D,L,D,W,L,L,W,L,W,L,L,W,W,L,D,L,L,W,D","W,D,L,D,L,W,W,D,W,D,L,D,L,W,L,W,L,L,W","W,L,L,D,D,D,W,L,L,D,W,L,W,L,L,W,D,L,D"
1996-1997,10,Spurs,38,13,7,18,44,51,-7,46,19,19,19,17,25,34,8,4,7,5,3,11,"L,L,W,D,L,L,W,L,D,W,W,L,L,D,L,W,L,L,L,W,D,D,W,L,L,W,W,L,W,W,L,L,W,L,L,D,D,W","L,W,W,W,L,D,L,W,L,W,D,L,W,W,W,L,L,D,D","L,D,L,L,L,D,W,L,L,L,D,W,L,L,W,L,W,L,W"
1996-1997,11,Leeds,38,11,13,14,28,38,-10,46,19,19,15,13,13,25,7,7,5,4,6,9,"D,D,D,D,L,D,D,L,D,W,W,W,L,D,D,W,W,L,L,L,D,D,D,W,W,L,W,L,L,W,L,L,L,L,W,W,L,D","D,D,D,D,W,W,D,D,W,L,D,W,L,W,W,L,L,W,L","D,D,L,D,L,W,L,W,L,L,D,D,W,L,L,L,L,W,D"
1996-1997,12,Derby,38,11,13,14,45,58,-13,46,19,19,25,22,20,36,8,6,5,3,7,9,"L,W,D,L,W,D,W,W,L,L,W,L,D,W,L,D,L,D,D,L,L,L,D,W,D,W,W,L,D,L,L,D,W,W,D,L,D,D","L,D,W,D,W,W,D,W,L,D,L,W,W,W,L,L,W,D,D","W,L,W,L,L,L,D,L,D,L,L,D,D,L,D,D,W,L,D"
1996-1997,13,Blackburn,38,9,15,14,42,43,-1,42,19,19,28,23,14,20,8,4,7,1,11,7,"L,D,L,W,D,L,D,L,L,W,D,D,W,D,W,L,D,W,W,D,W,L,D,W,D,D,W,L,D,L,D,D,L,L,L,D,L,L","L,D,W,L,L,W,D,W,W,W,W,W,D,W,L,D,L,L,L","L,D,D,L,D,D,L,D,W,D,L,D,D,L,D,D,L,D,L"
1996-1997,14,Middlesbrough,38,10,12,16,51,60,-9,42,19,19,34,25,17,35,8,5,6,2,7,10,"D,D,D,W,L,L,D,D,W,W,W,W,L,L,D,W,L,L,L,W,L,D,L,L,D,L,L,D,L,D,L,L,W,W,W,D,L,D","W,L,D,W,W,W,L,W,L,W,D,L,D,D,L,L,W,W,D","D,D,D,L,D,W,L,D,L,L,L,L,L,L,D,L,W,D,L"
1996-1997,15,West Ham,38,10,12,16,39,48,-9,42,19,19,27,25,12,23,7,6,6,3,6,10,"L,D,W,W,D,L,D,W,D,D,W,L,W,L,L,L,L,D,L,W,L,D,L,D,D,D,L,W,W,L,L,W,L,D,L,W,D,L","D,W,D,D,W,W,L,L,L,W,D,L,D,W,W,L,L,W,D","L,W,L,W,D,D,L,L,L,D,L,D,D,L,L,W,D,L,L"
1996-1997,16,Everton,38,10,12,16,44,57,-13,42,19,19,24,22,20,35,7,4,8,3,8,8,"L,L,D,D,W,D,L,L,W,L,D,L,D,W,L,L,L,L,L,L,D,W,D,L,W,D,W,D,W,W,W,D,L,L,L,D,D,W","L,D,W,D,L,W,L,W,L,L,D,L,W,D,W,W,L,L,W","L,D,L,L,D,D,L,L,L,L,W,D,W,D,W,D,L,D,D"
1996-1997,17,Southampton,38,10,11,17,50,56,-6,41,19,19,32,24,18,32,6,7,6,4,4,11,"L,W,W,D,W,D,W,D,L,L,D,D,W,D,L,L,D,W,L,L,W,L,L,L,L,L,D,W,W,D,W,L,L,L,D,L,L,D","W,D,W,D,L,D,D,L,D,L,W,L,L,W,W,W,L,D,D","L,W,D,W,L,D,W,L,W,L,L,L,L,D,D,L,L,L,L"
1996-1997,18,Coventry,38,9,14,15,38,54,-16,41,19,19,19,23,19,31,4,8,7,5,6,8,"W,L,D,D,W,W,L,L,D,D,L,D,L,D,W,L,L,D,W,W,W,W,L,L,L,D,D,D,D,D,D,L,W,L,L,L,D,L","L,D,W,L,D,D,D,L,D,W,W,L,L,D,D,D,W,L,L","W,D,W,L,L,L,D,W,L,W,W,L,D,D,D,L,L,L,D"
1996-1997,19,Sunderland,38,10,10,18,35,53,-18,40,19,19,20,18,15,35,7,6,6,3,4,12,"L,W,L,W,L,D,D,L,L,W,L,L,L,L,D,D,W,D,L,W,L,W,L,W,D,L,L,W,L,D,L,W,L,D,L,D,W,D","W,L,L,D,W,L,L,D,W,W,W,L,D,W,D,W,D,L,D","L,W,D,L,L,L,L,D,D,L,L,W,L,L,L,L,L,D,W"
1996-1997,20,Nott'm Forest,38,6,16,16,31,59,-28,34,19,19,15,27,16,32,3,9,7,3,7,9,"L,D,D,D,L,D,D,D,D,L,L,W,D,L,L,W,W,W,D,L,W,L,D,L,D,L,L,L,D,L,D,L,L,D,D,D,L,W","D,D,L,D,L,D,L,W,W,L,W,D,D,L,D,L,D,D,L","L,D,D,D,D,L,W,L,W,D,L,L,L,L,L,D,L,D,W"
1997-1998,1,Arsenal,38,23,9,6,68,33,35,78,19,19,43,10,25,23,15,2,2,8,7,4,"L,L,W,W,W,W,W,W,W,W,W,W,D,W,W,W,D,W,D,W,L,W,L,L,W,L,D,D,W,D,W,W,W,D,D,W,W,D","W,W,W,W,W,W,W,W,W,W,L,L,W,D,W,W,W,D,W","L,L,W,W,W,W,W,D,D,D,W,L,L,D,D,W,D,W,D"
1997-1998,2,Man Utd,38,23,8,7,73,26,47,77,19,19,42,9,31,17,13,4,2,10,4,5,"W,W,W,D,D,W,W,L,D,L,W,W,W,D,L,L,W,L,W,W,W,W,W,W,L,W,W,D,W,L,D,D,W,W,W,D,W,W","W,D,D,W,L,W,D,L,W,W,W,W,W,W,W,D,W,W,W","W,W,W,D,L,W,W,L,L,W,W,W,L,D,L,D,W,D,W"
1997-1998,3,Liverpool,38,18,11,9,68,42,26,65,19,19,42,16,26,26,13,2,4,5,9,5,"L,W,W,L,D,W,D,W,D,W,L,D,D,L,D,W,D,W,W,W,W,W,L,W,L,W,D,W,L,W,L,W,D,W,W,D,L,D","W,W,W,W,D,L,D,W,W,W,W,L,L,W,W,W,W,W,L","L,L,D,D,W,D,L,D,D,W,W,W,D,L,L,D,W,D,D"
1997-1998,4,Chelsea,38,20,3,15,71,43,28,63,19,19,37,14,34,29,13,2,4,7,1,11,"W,L,L,W,W,W,L,W,L,W,L,L,L,L,W,L,W,L,D,W,D,W,W,W,L,W,W,L,W,L,W,D,L,W,W,W,W,L","W,L,W,W,W,W,L,L,W,W,D,D,W,W,W,W,W,L,W","L,L,W,L,L,L,L,L,W,W,L,W,L,L,D,W,W,W,L"
1997-1998,5,Leeds,38,17,8,13,57,46,11,59,19,19,31,21,26,25,9,5,5,8,3,8,"D,L,D,W,L,W,W,L,W,W,W,L,D,L,W,L,L,D,L,W,D,D,W,W,W,W,L,W,D,W,W,L,W,L,L,L,W,D","D,D,W,W,W,W,L,L,D,W,D,W,W,W,W,L,L,L,D","L,W,L,L,W,D,L,W,L,L,D,W,W,L,D,W,W,L,W"
1997-1998,6,Blackburn,38,16,10,12,57,52,5,58,19,19,40,26,17,26,11,4,4,5,6,8,"W,L,W,D,L,L,L,L,W,L,L,W,L,L,D,W,L,D,D,W,W,W,L,W,W,D,D,W,W,D,D,D,L,W,W,D,W,W","W,D,L,L,W,W,L,W,D,W,W,W,W,W,D,L,W,D,W","L,W,L,L,L,L,L,D,L,D,W,L,D,D,W,D,D,W,W"
1997-1998,7,Aston Villa,38,17,6,15,49,48,1,57,19,19,26,24,23,24,9,3,7,8,3,8,"W,W,L,W,W,W,W,W,L,W,W,L,L,W,L,L,D,D,W,D,L,W,L,W,D,L,D,L,W,D,L,W,W,W,L,L,L,L","W,L,W,W,L,W,L,L,D,W,D,W,W,L,L,D,W,W,L","W,W,W,W,W,L,W,L,D,L,L,D,D,W,L,W,L,L,L"
1997-1998,8,West Ham,38,16,8,14,56,57,-1,56,19,19,40,18,16,39,13,4,2,3,4,12,"W,D,L,L,W,D,D,L,W,W,D,D,D,W,D,L,W,W,W,L,W,L,W,W,L,L,L,W,L,W,L,L,L,W,D,L,W,W","W,L,W,D,W,W,D,D,D,W,W,W,W,W,W,W,L,W,W","D,L,D,L,D,W,L,W,L,L,L,L,L,L,L,L,D,L,W"
1997-1998,9,Derby,38,16,7,15,52,49,3,55,19,19,33,18,19,31,12,3,4,4,4,11,"W,W,L,L,L,W,D,L,L,L,W,L,W,L,W,D,W,L,W,D,D,D,W,L,W,L,W,L,D,D,W,W,W,L,W,W,L,L","W,L,W,L,L,W,L,W,W,W,D,W,W,W,D,D,W,W,W","W,L,L,D,L,L,W,D,L,D,D,L,L,L,W,W,L,L,L"
1997-1998,10,Leicester,38,13,14,11,51,41,10,53,19,19,21,15,30,26,6,10,3,7,4,8,"L,W,D,W,D,D,W,D,L,L,L,W,D,W,W,D,D,D,L,L,L,D,W,D,L,D,W,L,L,W,D,W,W,L,D,D,W,W","W,D,D,D,W,W,D,D,L,D,D,L,W,L,D,W,D,D,W","L,W,D,W,L,L,L,D,W,D,L,L,W,D,L,W,W,L,W"
1997-1998,11,Coventry,38,12,16,10,46,44,2,52,19,19,26,17,20,27,8,9,2,4,7,8,"D,W,D,D,D,D,L,D,W,D,W,W,W,W,W,D,L,W,L,L,W,L,L,L,D,W,D,L,D,D,D,D,W,L,D,D,L,W","W,D,D,L,W,W,W,D,W,W,L,D,D,D,D,W,D,D,W","D,D,D,D,D,W,W,W,L,L,L,L,L,W,L,D,D,L,L"
1997-1998,12,Southampton,38,14,6,18,50,55,-5,48,19,19,28,23,22,32,10,1,8,4,5,10,"D,L,W,L,D,L,L,W,L,W,W,W,L,W,L,W,D,W,D,D,W,L,L,L,W,W,W,L,W,L,L,D,L,L,W,L,L,L","L,L,L,W,W,W,L,W,W,W,L,W,W,W,L,D,W,L,L","D,W,D,L,L,W,W,L,D,D,D,L,L,W,L,L,L,L,L"
1997-1998,13,Newcastle,38,11,11,16,35,44,-9,44,19,19,22,20,13,24,8,5,6,3,6,10,"L,W,D,L,D,W,L,D,L,L,D,D,D,L,W,L,W,L,L,L,L,D,D,L,L,W,W,D,D,D,L,W,L,W,W,L,W,W","W,W,L,D,D,L,W,L,L,D,L,W,D,D,W,W,L,W,W","L,D,L,D,L,D,L,D,W,L,L,L,D,L,W,D,L,L,W"
1997-1998,14,Spurs,38,11,11,16,44,56,-12,44,19,19,23,22,21,34,7,8,4,4,3,12,"D,W,W,D,D,L,D,W,D,L,W,L,D,W,L,W,L,D,L,W,L,L,W,L,L,L,L,W,L,D,D,D,L,D,W,W,L,L","D,W,D,D,D,W,D,W,D,W,L,L,L,W,D,D,W,W,L","W,D,L,W,L,L,W,L,L,L,L,W,L,L,L,D,L,D,L"
1997-1998,15,Wimbledon,38,10,14,14,34,46,-12,44,19,19,18,25,16,21,5,6,8,5,8,6,"D,L,D,D,L,D,W,D,D,L,W,L,L,W,W,D,D,L,L,D,D,W,L,L,W,L,W,D,W,L,D,W,L,W,L,L,D,D","L,D,D,D,W,L,W,D,L,W,L,L,W,L,W,L,L,D,D","D,D,D,L,W,L,L,W,D,L,D,D,L,W,D,W,D,W,L"
1997-1998,16,Sheffield Wed,38,12,8,18,52,67,-15,44,19,19,30,26,22,41,9,5,5,3,3,13,"L,L,W,L,D,L,W,L,L,W,L,W,D,L,D,W,W,D,D,L,L,W,W,W,W,L,L,L,W,D,L,D,L,W,L,D,L,L","L,D,W,W,W,D,D,W,D,L,W,W,W,L,W,L,D,W,L","L,W,L,L,L,L,L,L,W,D,L,W,L,L,D,L,L,D,L"
1997-1998,17,Everton,38,9,13,16,41,56,-15,40,19,19,25,27,16,29,7,5,7,2,8,9,"D,L,L,D,D,W,D,L,W,L,D,D,L,D,D,W,W,W,L,W,D,D,L,L,L,L,L,D,W,L,D,L,W,L,D,L,W,L","D,L,D,W,L,W,D,L,W,W,D,L,L,W,D,W,L,W,L","L,D,D,L,D,D,D,W,L,W,D,L,L,L,D,L,L,L,D"
1997-1998,18,Bolton,38,9,13,16,41,61,-20,40,19,19,25,22,16,39,7,8,4,2,5,12,"L,W,W,L,L,W,D,L,W,W,L,L,D,D,L,L,D,L,D,L,D,L,W,W,D,L,D,W,L,L,D,D,D,L,D,L,D,W","W,L,W,L,W,W,D,L,D,D,D,W,W,D,W,L,D,D,D","L,W,L,D,L,L,D,L,L,L,L,D,L,L,D,L,L,D,W"
1997-1998,19,Barnsley,38,10,5,23,37,82,-45,35,19,19,25,35,12,47,7,4,8,3,1,15,"L,L,L,D,L,W,L,L,L,W,W,W,L,D,L,W,L,W,D,L,D,L,L,W,L,D,L,W,L,L,L,L,L,L,W,L,W,L","L,L,D,W,L,W,W,D,W,W,D,L,D,W,L,L,W,L,L","L,L,L,L,W,L,L,L,D,L,L,W,L,L,L,L,L,L,W"
1997-1998,20,Crystal Palace,38,8,9,21,37,71,-34,33,19,19,15,39,22,32,2,5,12,6,4,9,"W,D,L,L,W,L,L,L,W,L,L,L,L,L,L,L,L,D,D,D,L,D,L,L,W,D,W,D,L,D,D,W,L,L,L,W,L,W","W,D,L,W,L,L,L,L,L,L,D,L,L,D,D,D,L,L,L","L,L,W,L,L,L,L,D,D,D,L,W,W,L,D,W,L,W,W"
1998-1999,1,Man Utd,38,22,13,3,80,37,43,79,19,19,45,18,35,19,14,4,1,8,9,2,"W,D,W,D,W,D,W,D,W,W,W,W,D,W,W,W,W,W,D,W,L,D,D,D,W,L,W,D,W,D,W,W,W,L,W,W,D,D","W,W,W,W,W,D,W,W,W,L,D,W,W,D,W,W,W,W,D","D,W,D,D,D,W,W,W,W,W,D,D,D,L,W,D,W,L,D"
1998-1999,2,Arsenal,38,22,12,4,59,17,42,78,19,19,34,5,25,12,14,5,0,8,7,4,"W,L,W,W,W,W,W,D,W,W,W,D,W,D,W,W,W,D,W,W,W,L,D,D,L,D,W,W,W,D,W,L,W,D,D,D,D,W","W,W,W,W,W,W,W,W,D,W,W,D,D,W,D,W,W,D,W","L,W,W,D,W,D,D,W,W,W,L,D,L,W,W,L,D,D,D"
1998-1999,3,Chelsea,38,20,15,3,57,30,27,75,19,19,29,13,28,17,12,6,1,8,9,2,"W,D,W,W,D,D,D,W,W,W,L,W,W,D,W,L,W,W,D,W,W,D,D,W,D,D,W,W,D,D,W,D,W,W,W,D,D,L","W,W,W,D,L,W,D,W,W,D,W,W,D,W,W,W,W,D,D","D,D,D,W,W,W,W,L,W,W,D,D,D,W,D,D,D,W,L"
1998-1999,4,Leeds,38,18,13,7,62,34,28,67,19,19,32,9,30,25,12,5,2,6,8,5,"D,W,L,W,D,D,D,W,W,W,W,W,W,W,L,L,W,L,D,W,L,W,W,L,W,W,W,D,D,D,L,D,D,D,W,D,W,D","W,D,D,W,W,W,W,L,W,D,W,W,W,W,D,L,D,W,W","D,L,W,D,W,W,W,L,L,W,L,L,W,D,D,D,D,D,D"
1998-1999,5,West Ham,38,16,9,13,46,53,-7,57,19,19,32,26,14,27,11,3,5,5,6,8,"W,L,L,W,W,D,L,D,W,W,L,W,D,W,L,D,L,L,W,L,W,L,L,W,W,W,D,W,L,D,L,W,D,W,L,D,D,W","W,L,W,L,W,W,W,L,L,W,W,W,W,D,D,W,W,L,D","L,W,D,D,W,L,D,D,L,L,L,L,W,W,L,L,D,D,W"
1998-1999,6,Aston Villa,38,15,10,13,51,46,5,55,19,19,33,28,18,18,10,3,6,5,7,7,"L,L,L,W,W,W,D,D,L,L,L,L,D,L,L,L,W,D,W,L,W,W,L,D,D,L,W,W,D,D,W,W,D,W,W,W,W,D","L,W,W,D,L,L,L,L,W,W,W,D,L,W,D,W,W,W,W","L,L,W,D,L,L,D,L,D,L,W,L,D,W,D,W,D,W,D"
1998-1999,7,Liverpool,38,15,9,14,68,49,19,54,19,19,44,24,24,25,10,5,4,5,4,10,"W,L,D,W,W,L,L,D,D,W,L,L,D,L,W,L,W,D,W,W,W,L,L,W,W,L,L,L,W,D,D,L,D,L,W,W,D,W","W,D,W,L,L,W,D,W,W,W,W,W,L,L,W,D,D,W,D","L,W,D,D,L,L,L,L,D,W,L,L,W,L,D,L,L,W,W"
1998-1999,8,Derby,38,13,13,12,40,45,-5,52,19,19,22,19,18,26,8,7,4,5,6,8,"L,D,W,L,D,L,W,L,L,W,W,D,L,W,L,W,W,L,W,D,D,D,D,W,L,D,W,D,D,L,L,L,W,W,W,D,D,D","D,D,W,L,W,W,L,W,W,W,D,D,L,D,D,L,W,W,D","L,W,L,L,L,D,L,W,L,D,D,W,D,W,L,L,W,D,D"
1998-1999,9,Middlesbrough,38,12,15,11,48,54,-6,51,19,19,25,18,23,36,7,9,3,5,6,8,"L,L,D,L,W,D,W,W,D,W,W,L,D,L,L,D,L,D,L,L,W,W,D,D,W,D,D,D,D,W,W,L,D,W,W,D,L,D","L,L,D,W,W,W,D,D,D,L,W,D,W,D,W,W,D,D,D","L,D,W,D,W,L,L,L,L,L,W,D,D,D,D,L,W,W,L"
1998-1999,10,Leicester,38,12,13,13,40,46,-6,49,19,19,25,25,15,21,7,6,6,5,7,7,"L,W,L,L,W,W,D,D,D,W,D,W,L,L,L,D,L,D,D,W,L,W,W,D,L,L,D,W,D,W,W,D,L,D,L,L,W,D","W,L,W,D,D,D,L,L,L,D,W,W,L,W,W,D,D,L,W","L,L,W,D,W,W,L,D,D,W,L,D,L,D,D,W,L,L,D"
1998-1999,11,Spurs,38,11,14,13,47,50,-3,47,19,19,28,26,19,24,7,7,5,4,7,8,"L,D,L,L,L,W,W,D,L,W,L,W,D,D,D,D,D,D,W,D,L,D,W,L,W,D,L,D,W,L,W,D,D,L,W,W,L,L","D,L,L,L,W,W,D,D,D,W,D,W,W,D,W,D,L,W,L","L,L,W,W,D,L,D,D,D,D,L,L,D,L,L,W,D,W,L"
1998-1999,12,Sheffield Wed,38,13,7,18,41,42,-1,46,19,19,20,15,21,27,7,5,7,6,2,11,"W,W,L,D,D,L,W,L,L,L,L,L,W,W,W,L,W,D,L,L,L,W,W,D,W,D,L,D,D,L,L,W,L,W,L,L,W,L","W,D,D,L,L,L,W,L,D,L,W,W,W,D,D,W,W,L,L","W,L,L,W,L,L,W,W,W,L,L,D,D,L,L,L,L,L,W"
1998-1999,13,Newcastle,38,11,13,14,48,54,-6,46,19,19,26,25,22,29,7,6,6,4,7,8,"D,L,D,D,D,L,D,W,L,L,W,D,L,W,W,W,D,L,L,L,W,D,D,W,L,D,D,L,L,W,L,W,W,W,L,L,D,D","D,D,L,D,L,D,W,W,L,L,W,W,D,L,W,W,W,L,D","L,D,D,W,L,W,L,W,D,L,D,D,L,D,L,L,W,L,D"
1998-1999,14,Everton,38,11,10,17,42,47,-5,43,19,19,22,12,20,35,6,8,5,5,2,12,"L,W,L,W,W,W,L,L,L,L,W,D,L,W,L,L,L,D,L,D,L,W,D,W,W,L,L,L,D,D,W,D,D,D,W,L,L,D","W,W,W,L,L,D,W,L,D,D,W,D,W,L,D,D,D,L,D","L,L,W,L,L,W,L,L,L,L,L,W,L,L,D,W,D,W,L"
1998-1999,15,Coventry,38,11,9,18,39,51,-12,42,19,19,26,21,13,30,8,6,5,3,3,13,"D,D,W,L,L,L,W,W,L,D,W,W,L,L,D,W,L,W,L,D,D,L,L,D,L,W,W,L,L,W,L,D,L,L,L,D,L,W","D,W,L,W,D,W,L,W,W,D,D,D,W,L,W,L,L,D,W","D,L,L,W,L,W,L,D,L,L,L,L,L,W,L,D,L,L,L"
1998-1999,16,Wimbledon,38,10,12,16,40,63,-23,42,19,19,22,21,18,42,7,7,5,3,5,11,"L,L,L,D,L,L,L,D,L,L,L,W,D,D,L,D,D,W,D,W,L,W,W,L,W,L,W,D,D,L,L,D,W,L,W,D,D,W","L,D,L,D,L,L,D,D,W,W,W,W,W,D,D,L,W,D,W","L,L,L,L,L,W,D,L,D,D,L,L,L,W,L,D,L,W,D"
1998-1999,17,Southampton,38,11,8,19,37,64,-27,41,19,19,29,26,8,38,9,4,6,2,4,13,"W,W,W,D,D,L,L,D,W,L,W,L,L,W,L,W,L,W,D,L,W,L,L,L,W,L,D,D,W,D,L,L,D,L,L,L,L,L","W,W,D,D,W,W,W,W,W,L,W,L,L,D,W,L,D,L,L","W,D,L,L,L,L,L,L,L,D,L,L,W,D,D,L,L,L,L"
1998-1999,18,Charlton,38,8,12,18,41,56,-15,36,19,19,20,20,21,36,4,7,8,4,5,10,"L,W,D,L,L,D,L,W,L,D,L,D,W,W,W,L,D,L,L,L,L,L,L,L,L,D,D,D,W,L,W,D,D,L,L,D,W,D","L,D,L,D,L,D,W,W,L,D,L,L,L,D,D,W,D,L,W","W,L,L,W,D,L,W,L,L,L,L,L,D,L,W,D,L,D,D"
1998-1999,19,Blackburn,38,7,14,17,38,52,-14,35,19,19,21,24,17,28,6,5,8,1,9,9,"D,D,L,D,L,D,L,D,W,D,L,L,L,D,W,D,L,W,D,W,D,D,W,L,L,L,L,D,L,L,W,D,L,L,L,W,L,D","D,L,L,D,W,L,L,D,W,W,D,W,L,L,L,W,L,W,D","D,D,D,L,D,L,D,W,L,D,D,L,L,D,L,D,L,L,L"
1998-1999,20,Nott'm Forest,38,7,9,22,35,69,-34,30,19,19,18,31,17,38,3,7,9,4,2,13,"W,W,W,L,L,L,D,L,L,W,L,D,L,L,L,W,L,L,D,L,D,L,L,D,L,D,L,D,L,D,L,L,D,L,L,W,W,L","W,W,L,D,L,L,L,L,L,D,D,D,D,L,D,L,D,L,W","W,L,L,L,W,D,L,W,L,L,L,L,L,D,L,L,L,W,L"
1999-2000,1,Man Utd,38,28,7,3,97,45,52,91,19,19,59,16,38,29,15,4,0,13,3,3,"W,W,W,W,W,W,W,W,W,W,W,D,D,W,L,W,W,W,D,D,W,W,W,W,W,W,L,W,L,D,D,W,W,W,W,W,W,D","W,W,W,W,W,D,W,W,D,W,W,W,W,W,D,D,W,W,W","W,W,W,W,W,W,D,W,L,W,D,W,W,L,L,W,W,W,D"
1999-2000,2,Arsenal,38,22,7,9,73,43,30,73,19,19,42,17,31,26,14,3,2,8,4,7,"L,D,W,W,W,W,W,W,W,W,L,D,W,L,L,D,W,D,W,L,D,W,W,W,L,D,W,W,L,W,W,W,L,W,L,D,W,W","D,W,W,W,W,W,L,W,W,D,W,W,D,W,W,W,W,L,W","L,W,W,W,W,L,D,L,D,D,L,W,L,W,L,W,L,D,W"
1999-2000,3,Leeds,38,21,6,11,58,43,15,69,19,19,29,18,29,25,12,2,5,9,4,6,"D,D,W,W,D,L,L,L,L,W,W,W,D,L,W,L,W,L,L,W,W,W,W,W,L,W,D,W,W,W,W,W,W,L,W,L,W,D","D,W,L,L,W,W,L,W,L,W,W,W,W,W,W,W,L,W,D","D,W,D,L,L,W,D,L,W,L,W,W,L,D,W,W,W,L,W"
1999-2000,4,Liverpool,38,19,10,9,51,30,21,67,19,19,28,13,23,17,11,4,4,8,6,5,"L,D,L,L,D,W,W,W,W,W,D,D,D,W,W,D,W,L,W,D,W,W,L,W,W,W,W,D,W,D,L,D,L,W,W,L,L,W","D,L,W,W,D,D,W,D,W,W,W,W,W,W,W,L,L,W,L","L,L,D,W,W,W,D,W,W,L,D,L,W,D,D,D,W,L,W"
1999-2000,5,Chelsea,38,18,11,9,53,34,19,65,19,19,35,12,18,22,12,5,2,6,6,7,"W,L,W,L,D,L,W,W,D,D,D,W,W,W,W,D,D,W,D,D,W,W,L,L,W,D,D,L,L,L,W,W,L,W,W,W,D,W","W,W,D,W,D,D,W,W,D,W,W,L,W,D,L,W,W,W,W","L,L,L,W,D,W,W,D,D,D,W,L,D,L,L,W,L,W,D"
1999-2000,6,Aston Villa,38,15,13,10,46,35,11,58,19,19,23,12,23,23,8,8,3,7,5,7,"L,D,D,D,W,W,W,W,L,D,W,D,D,W,W,D,D,W,D,W,W,L,D,L,L,L,D,L,D,L,W,L,W,W,L,D,W,W","L,D,D,W,W,W,D,W,D,D,W,L,L,D,D,W,W,D,W","D,W,W,L,D,D,W,D,W,W,D,L,L,L,L,L,W,L,W"
1999-2000,7,Sunderland,38,16,10,12,57,56,1,58,19,19,28,17,29,39,10,6,3,6,4,9,"L,W,D,L,W,L,W,W,W,D,D,L,D,L,D,L,L,L,D,L,W,W,W,L,D,W,D,W,W,W,W,W,D,W,L,D,W,L","W,L,W,W,D,D,D,L,D,W,W,L,W,W,W,W,D,D,W","L,D,W,L,W,D,L,L,L,L,L,W,D,D,W,W,W,L,L"
1999-2000,8,Leicester,38,16,7,15,55,55,0,55,19,19,31,24,24,31,10,3,6,6,4,9,"L,W,W,W,D,L,W,D,L,W,L,L,W,D,W,L,D,D,L,L,L,L,W,W,L,W,L,W,W,W,D,L,W,W,L,D,W,L","W,L,D,W,L,W,W,L,L,L,L,W,W,W,W,D,W,D,W","L,W,W,D,W,L,L,D,D,D,L,W,L,L,W,L,W,L,L"
1999-2000,9,West Ham,38,15,10,13,52,53,-1,55,19,19,32,23,20,30,11,5,3,4,5,10,"D,L,L,L,W,W,W,L,W,D,L,W,W,L,W,L,W,D,D,D,D,L,D,W,W,D,L,L,D,L,W,L,L,W,W,W,D,W","D,L,W,W,W,D,W,L,W,D,D,L,W,W,D,W,W,W,W","L,L,W,L,L,W,L,W,D,D,D,D,L,L,L,L,L,W,D"
1999-2000,10,Spurs,38,15,8,15,57,49,8,53,19,19,40,26,17,23,10,3,6,5,5,9,"W,L,D,W,W,L,L,L,D,L,W,D,W,L,L,L,D,L,W,D,W,L,D,L,W,W,L,W,W,L,D,W,D,L,W,W,W,L","W,D,W,L,L,W,D,L,L,W,W,D,W,W,L,W,L,W,W","L,W,L,D,L,W,L,D,L,D,L,L,W,L,W,D,D,W,L"
1999-2000,11,Newcastle,38,14,10,14,63,54,9,52,19,19,42,20,21,34,10,5,4,4,5,10,"W,D,D,W,D,L,L,W,L,W,W,L,W,W,D,L,W,D,W,D,L,W,W,D,D,D,W,L,W,L,W,L,L,L,D,L,L,L","W,W,D,L,W,W,L,W,W,D,D,W,D,W,W,W,L,D,L","D,D,L,L,W,W,D,L,W,L,W,D,D,L,L,L,L,L,L"
1999-2000,12,Middlesbrough,38,14,10,14,46,52,-6,52,19,19,23,26,23,26,8,5,6,6,5,8,"W,D,D,W,D,L,L,W,W,D,W,D,D,W,L,L,L,D,L,L,W,D,D,L,D,W,W,W,L,L,L,W,L,L,W,W,W,L","D,D,L,W,W,D,W,L,L,W,D,D,W,W,L,W,L,W,L","W,W,D,L,W,D,D,L,L,D,L,D,L,W,L,L,L,W,W"
1999-2000,13,Everton,38,12,14,12,59,49,10,50,19,19,36,21,23,28,7,9,3,5,5,9,"L,D,L,D,W,D,W,L,L,L,D,D,W,W,W,L,D,D,D,W,W,L,D,D,D,L,D,L,D,W,W,W,L,W,W,L,L,D","L,L,D,W,W,L,D,W,D,D,W,D,D,D,D,W,W,W,D","D,D,L,L,D,W,W,L,D,W,L,D,L,L,W,W,L,L,L"
1999-2000,14,Coventry,38,12,8,18,47,54,-7,44,19,19,38,22,9,32,12,1,6,0,7,12,"L,W,L,L,W,L,L,L,W,W,L,L,L,L,W,L,D,W,D,W,L,D,L,W,D,W,D,W,D,W,L,L,D,L,W,D,L,L","W,W,L,W,W,L,W,W,D,W,L,W,W,W,W,L,L,W,L","L,L,L,L,L,L,L,L,L,D,L,D,D,D,D,L,D,D,L"
1999-2000,15,Southampton,38,12,8,18,45,62,-17,44,19,19,26,22,19,40,8,4,7,4,4,11,"W,D,L,L,L,W,W,L,D,W,L,L,D,L,W,W,W,L,W,L,L,L,D,L,L,W,D,D,L,D,D,L,L,W,L,W,L,W","W,L,L,W,L,W,D,W,W,W,L,D,L,D,D,L,W,W,L","D,L,W,D,L,L,L,W,L,L,L,L,W,D,L,D,L,L,W"
1999-2000,16,Derby,38,9,11,18,44,57,-13,38,19,19,22,25,22,32,6,3,10,3,8,8,"L,D,D,W,D,L,D,W,L,L,L,W,D,L,D,D,W,W,D,L,W,L,L,L,L,W,L,L,D,L,L,D,W,W,L,L,L,D","D,W,L,W,L,W,D,D,W,L,L,L,W,L,L,L,W,L,L","L,D,D,D,L,L,D,L,W,D,W,L,L,L,D,D,W,L,D"
1999-2000,17,Bradford,38,9,9,20,38,68,-30,36,19,19,26,29,12,39,6,8,5,3,1,15,"W,L,W,W,D,L,L,L,L,L,L,D,D,L,W,W,L,D,L,D,L,W,D,L,L,D,L,W,L,L,W,L,D,L,L,L,D,W","W,W,D,L,L,L,D,W,W,D,D,W,D,D,W,L,D,L,D","L,W,L,L,L,D,L,L,L,L,L,L,L,L,W,L,L,L,W"
1999-2000,18,Wimbledon,38,7,12,19,46,74,-28,33,19,19,30,28,16,46,6,7,6,1,5,13,"L,D,L,L,L,L,L,L,L,L,W,L,D,L,L,W,L,W,L,D,D,W,D,L,W,D,D,W,L,D,D,D,L,L,D,D,L,W","D,L,L,L,W,D,L,W,W,D,W,W,D,W,D,D,L,D,L","L,L,L,L,L,L,L,L,L,L,D,D,L,D,L,D,L,D,W"
1999-2000,19,Sheffield Wed,38,8,7,23,38,70,-32,31,19,19,21,23,17,47,6,3,10,2,4,13,"W,D,L,L,L,W,W,L,L,L,W,D,L,L,D,L,W,W,D,L,W,L,L,L,D,L,D,L,W,L,L,L,L,L,L,D,L,L","W,L,L,W,L,W,L,L,L,W,D,W,D,D,W,L,L,L,L","D,L,W,L,L,D,D,W,L,L,L,L,L,L,L,L,L,D,L"
1999-2000,20,Watford,38,6,6,26,35,77,-42,24,19,19,24,31,11,46,5,4,10,1,2,16,"W,D,L,L,L,L,D,L,D,W,L,L,L,D,L,L,L,L,W,L,L,L,L,D,D,L,L,L,L,L,W,L,L,L,W,W,L,L","W,L,L,D,D,W,L,D,L,W,L,L,D,L,L,W,L,W,L","D,L,L,L,L,L,L,L,L,L,L,D,L,L,L,L,L,W,L"
2000-2001,1,Man Utd,38,24,8,6,79,31,48,80,19,19,49,12,30,19,15,2,2,9,6,4,"L,L,L,W,D,W,W,L,W,D,W,D,W,W,W,W,W,D,W,W,L,D,W,W,W,W,W,W,W,W,L,D,W,W,W,D,D,W","L,D,W,W,W,W,W,W,W,W,L,W,W,W,W,D,W,W,W","L,L,W,L,D,D,W,W,D,W,D,W,W,W,W,L,W,D,D"
2000-2001,2,Arsenal,38,20,10,8,63,38,25,70,19,19,45,13,18,25,15,3,1,5,7,7,"L,D,W,W,W,L,W,W,D,W,L,W,W,W,D,D,L,D,W,L,D,W,W,L,L,D,W,W,W,W,W,D,W,D,D,W,W,L","W,W,L,W,W,W,W,D,D,W,W,W,D,W,W,W,W,W,W","L,D,W,W,D,L,W,D,L,L,D,L,L,W,W,D,D,D,L"
2000-2001,3,Liverpool,38,20,9,9,71,39,32,69,19,19,40,14,31,25,13,4,2,7,5,7,"W,D,W,W,W,W,W,L,D,W,D,L,D,W,D,D,W,W,L,W,W,L,W,L,L,W,L,W,W,W,L,D,D,W,W,D,L,W","D,W,W,L,W,D,W,D,W,W,L,W,W,W,W,D,W,W,W","W,W,W,W,D,L,D,D,W,L,W,L,L,L,W,L,D,D,L"
2000-2001,4,Leeds,38,20,8,10,64,43,21,68,19,19,36,21,28,22,11,3,5,9,5,5,"W,W,L,W,W,W,W,W,W,D,W,D,D,W,W,W,L,W,D,L,L,W,L,L,W,L,D,W,D,L,W,W,D,L,D,L,W,W","W,W,W,W,D,D,W,L,D,L,W,W,L,W,W,W,L,L,W","L,W,W,W,W,W,D,W,W,W,L,L,L,D,D,L,D,D,W"
2000-2001,5,Ipswich,38,20,6,12,57,42,15,66,19,19,31,15,26,27,11,5,3,9,1,9,"D,W,L,W,W,W,D,W,W,L,W,W,L,L,L,W,L,W,D,L,W,W,L,W,W,W,L,W,W,D,W,D,W,L,L,W,D,L","W,W,W,D,W,W,L,W,W,D,W,L,W,W,D,D,L,W,D","D,L,W,W,W,L,L,L,L,L,W,W,W,L,W,W,W,L,L"
2000-2001,6,Chelsea,38,17,10,11,68,45,23,61,19,19,44,20,24,25,13,3,3,4,7,8,"W,D,W,L,L,W,W,W,W,L,W,D,D,L,W,W,D,W,D,W,L,W,W,L,L,D,L,W,W,L,W,D,L,D,D,D,L,W","W,L,W,W,L,D,W,W,W,W,W,W,D,W,W,W,L,D,W","W,D,L,W,W,W,D,L,D,D,L,L,L,L,L,D,D,D,L"
2000-2001,7,Sunderland,38,15,12,11,46,41,5,57,19,19,24,16,22,25,9,7,3,6,5,8,"D,W,W,D,L,L,D,L,W,D,L,D,L,L,D,W,W,D,W,W,L,W,W,W,W,D,L,W,D,W,D,D,W,L,D,L,L,W","W,D,L,L,D,D,L,D,W,W,W,W,D,W,W,D,W,D,W","D,W,L,D,W,L,L,W,D,W,L,W,W,L,D,D,L,L,L"
2000-2001,8,Aston Villa,38,13,15,10,46,43,3,54,19,19,27,20,19,23,8,8,3,5,7,7,"L,W,D,D,D,W,D,W,W,D,W,D,L,D,W,L,L,L,L,L,W,D,D,D,D,L,W,W,W,D,L,W,D,W,W,L,D,D","W,D,W,D,W,D,W,D,L,L,L,D,D,W,W,D,W,W,D","L,D,D,W,D,L,W,L,L,W,D,D,L,W,L,D,W,L,D"
2000-2001,9,Charlton,38,14,10,14,50,57,-7,52,19,19,31,19,19,38,11,5,3,3,5,11,"L,L,W,W,D,L,L,W,L,D,D,W,D,W,D,D,W,W,L,W,L,D,L,L,W,L,W,L,W,L,D,W,W,D,D,L,L,W","L,W,D,W,L,W,W,D,W,W,D,L,W,W,W,D,W,D,W","L,W,L,L,D,D,D,D,W,L,L,L,L,L,L,W,D,L,L"
2000-2001,10,Southampton,38,14,10,14,40,48,-8,52,19,19,27,22,13,26,11,2,6,3,8,8,"W,W,L,D,L,D,L,L,L,W,W,W,W,W,D,D,L,W,W,D,L,W,L,L,W,D,W,L,L,D,L,W,W,L,D,D,L,D","W,W,L,L,W,W,W,D,W,W,W,L,W,W,L,L,W,D,L","L,D,D,L,L,W,W,D,L,D,L,L,D,L,D,W,L,D,D"
2000-2001,11,Newcastle,38,14,9,15,44,50,-6,51,19,19,26,17,18,33,10,4,5,4,5,10,"W,D,L,D,W,D,W,L,D,L,D,L,L,L,W,W,L,D,W,L,W,L,D,W,L,D,W,L,L,W,W,L,L,D,W,W,W,L","W,D,D,W,W,L,L,W,D,W,W,W,L,W,L,L,D,W,W","L,D,L,D,D,L,L,W,L,L,L,D,D,L,W,W,L,W,L"
2000-2001,12,Spurs,38,13,10,15,47,54,-7,49,19,19,31,16,16,38,11,6,2,2,4,13,"W,L,D,L,L,W,W,L,W,L,L,W,D,D,D,D,W,L,L,D,D,D,L,W,W,L,W,L,W,L,L,D,L,W,W,L,D,W","W,D,L,W,W,L,D,D,W,D,D,W,W,W,W,D,W,W,W","L,L,W,L,L,W,D,D,L,L,D,L,L,L,L,L,L,L,D"
2000-2001,13,Leicester,38,14,6,18,39,51,-12,48,19,19,28,23,11,28,10,4,5,4,2,13,"L,W,L,L,L,L,L,L,L,L,W,W,L,W,L,D,L,L,L,W,W,L,W,L,W,D,W,W,L,L,D,D,W,W,W,D,W,D","W,L,L,L,W,W,W,D,L,W,W,W,D,W,L,D,W,W,D","L,L,L,L,L,L,L,L,L,L,L,L,W,W,L,D,W,D,W"
2000-2001,14,Middlesbrough,38,9,15,14,44,44,0,42,19,19,18,23,26,21,4,7,8,5,8,6,"W,D,L,W,L,W,D,L,W,D,L,D,D,D,D,W,D,D,W,D,W,L,L,D,L,L,L,L,L,L,W,D,D,L,D,L,D,W","W,L,L,D,D,L,D,W,D,W,W,D,L,L,L,D,L,L,D","D,W,W,L,W,D,D,D,D,D,L,L,L,L,L,W,D,D,W"
2000-2001,15,West Ham,38,10,12,16,45,50,-5,42,19,19,24,20,21,30,6,6,7,4,6,9,"L,W,L,L,L,W,D,L,L,L,L,W,D,L,D,D,L,L,W,L,D,D,W,W,W,W,D,W,L,D,D,W,D,L,D,D,L,L","W,L,W,L,L,L,D,D,L,W,D,W,W,W,L,D,D,D,L","L,L,L,D,L,W,L,D,L,L,D,W,W,D,D,W,L,D,L"
2000-2001,16,Everton,38,11,9,18,45,59,-14,42,19,19,29,27,16,32,6,8,5,5,1,13,"D,L,W,L,L,L,W,W,L,D,L,W,D,L,D,W,D,L,L,L,D,L,L,W,W,W,L,L,W,D,L,D,L,W,L,D,W,L","D,W,L,W,D,W,D,D,D,L,D,W,W,L,D,L,L,D,W","L,L,L,W,L,L,L,W,L,L,L,L,W,L,W,D,W,L,L"
2000-2001,17,Derby,38,10,12,16,37,59,-22,42,19,19,23,24,14,35,8,7,4,2,5,12,"D,W,L,L,W,L,L,L,D,W,W,D,W,L,D,L,W,L,D,W,W,L,W,L,W,D,D,L,L,L,L,D,L,D,D,D,L,D","D,L,W,L,W,W,W,D,W,W,W,L,W,D,L,D,D,D,D","W,L,L,L,D,D,L,L,L,D,L,W,D,L,L,L,L,D,L"
2000-2001,18,Man City,38,8,10,20,41,65,-24,34,19,19,20,31,21,34,4,3,12,4,7,8,"L,L,W,D,W,L,L,L,D,L,W,L,D,D,D,L,D,L,D,L,D,W,L,L,L,L,L,L,W,W,L,D,D,L,W,L,W,L","L,W,L,L,L,L,D,L,L,D,W,L,L,L,W,L,D,L,W","L,D,W,L,D,W,D,D,D,L,D,L,L,L,W,D,L,W,L"
2000-2001,19,Coventry,38,8,10,20,36,63,-27,34,19,19,14,23,22,40,4,7,8,4,3,12,"D,L,L,L,W,L,W,W,L,D,D,D,L,L,L,L,D,D,W,D,L,W,L,D,L,L,L,L,L,W,D,L,L,D,L,W,W,L","D,L,W,W,D,D,L,L,D,D,W,D,L,L,W,L,D,L,L","L,L,L,W,L,D,L,L,D,W,L,L,L,L,L,D,L,W,W"
2000-2001,20,Bradford,38,5,11,22,30,70,-40,26,19,19,20,29,10,41,4,7,8,1,4,14,"D,L,D,L,L,W,W,L,D,D,L,L,L,L,L,D,L,W,L,L,L,D,W,D,L,L,L,D,L,L,D,L,L,D,L,D,W,L","D,L,W,W,D,D,L,L,L,L,D,W,L,D,L,L,D,D,W","D,L,L,L,L,L,L,D,W,L,L,D,L,L,L,D,L,L,L"
2001-2002,1,Arsenal,38,26,9,3,79,36,43,87,19,19,42,25,37,11,12,4,3,14,5,0,"W,W,W,W,W,W,W,W,W,W,W,W,W,D,W,W,D,D,W,W,W,L,D,W,W,W,D,L,D,D,W,W,D,W,D,W,L,W","W,W,W,W,W,W,W,D,D,W,W,L,W,W,L,D,D,W,L","W,W,W,W,W,W,W,W,D,W,D,W,D,D,W,W,W,D,W"
2001-2002,2,Liverpool,38,24,8,6,67,30,37,80,19,19,33,14,34,16,12,5,2,12,3,4,"W,W,L,W,W,W,W,W,W,W,D,W,W,W,W,D,D,L,D,D,W,L,L,D,W,W,W,D,W,W,W,D,W,W,W,L,L,W","W,W,W,W,W,W,D,W,D,D,L,D,W,W,W,D,W,L,W","L,W,W,W,W,W,W,D,L,D,W,L,W,D,W,W,W,W,L"
2001-2002,3,Man Utd,38,24,5,9,87,45,42,77,19,19,40,17,47,28,11,2,6,13,3,3,"D,L,W,W,W,W,L,W,W,D,W,W,W,W,L,W,W,W,W,W,W,W,W,L,L,L,W,L,D,L,W,W,W,L,W,D,D,W","D,L,L,W,W,W,L,W,W,W,W,L,L,W,D,L,W,W,W","W,W,W,W,W,D,W,W,W,W,W,W,L,L,W,W,L,D,D"
2001-2002,4,Newcastle,38,21,8,9,74,52,22,71,19,19,40,23,34,29,12,3,4,9,5,5,"L,W,D,W,W,D,D,W,D,L,L,W,W,W,W,D,W,L,L,W,W,W,W,W,D,W,L,W,W,L,W,L,W,L,W,W,D,D","W,W,D,W,D,L,W,W,W,L,W,W,W,W,L,L,W,W,D","L,D,W,D,L,W,W,D,L,W,W,W,D,L,W,W,L,W,D"
2001-2002,5,Leeds,38,18,12,8,53,37,16,66,19,19,31,21,22,16,9,6,4,9,6,4,"W,W,L,W,W,L,L,W,W,W,D,D,D,L,L,D,L,W,W,W,L,W,D,W,D,D,L,W,D,D,D,W,W,W,D,D,W,W","W,L,W,L,W,W,D,L,D,W,L,W,D,D,W,D,W,D,W","W,W,L,W,D,D,L,L,W,W,W,D,L,D,D,W,W,D,W"
2001-2002,6,Chelsea,38,17,13,8,66,38,28,64,19,19,43,21,23,17,11,4,4,6,9,4,"L,W,L,D,W,D,W,L,W,W,W,L,D,W,W,W,D,L,W,L,W,W,D,L,W,D,D,W,D,L,D,W,D,D,W,D,W,D","L,L,W,W,W,W,W,W,W,L,W,W,L,D,W,W,D,D,D","W,D,D,L,L,D,W,D,W,L,D,W,D,D,L,D,D,W,W"
2001-2002,7,West Ham,38,15,8,15,48,57,-9,53,19,19,32,14,16,43,12,4,3,3,4,12,"W,L,L,W,D,W,W,W,L,W,L,W,L,W,L,L,W,L,D,W,D,D,W,D,L,L,D,L,W,W,W,L,L,W,L,D,D,L","W,W,W,W,L,W,W,W,W,D,W,D,D,L,L,W,W,W,D","L,L,D,W,L,L,L,L,L,D,W,L,D,W,L,L,L,D,L"
2001-2002,8,Aston Villa,38,12,14,12,46,47,-1,50,19,19,22,17,24,30,8,7,4,4,7,8,"W,W,D,L,L,D,L,D,L,L,W,L,D,D,D,W,W,D,D,L,L,W,L,D,L,D,D,L,W,W,L,W,W,W,D,W,D,D","W,L,D,L,W,D,D,W,D,L,W,L,D,W,W,W,W,D,D","W,D,L,L,D,L,L,D,W,D,L,L,D,D,L,L,W,W,D"
2001-2002,9,Spurs,38,14,8,16,49,53,-4,50,19,19,32,24,17,29,10,4,5,4,4,11,"L,W,D,D,L,W,D,W,L,L,L,W,W,L,L,D,L,W,D,L,L,W,L,W,W,D,L,W,W,W,L,L,W,L,W,L,D,D","W,D,W,L,W,W,L,D,W,L,W,W,D,W,W,L,L,W,D","L,D,L,D,W,L,L,L,L,D,L,L,W,L,W,L,W,L,D"
2001-2002,10,Blackburn,38,12,10,16,55,51,4,46,19,19,33,20,22,31,8,6,5,4,4,11,"W,L,W,D,W,D,W,L,L,W,W,D,L,L,L,L,W,L,L,L,W,L,L,L,D,D,W,D,D,W,L,W,D,D,L,W,D,L","W,D,D,W,W,W,L,W,L,L,L,L,D,D,W,W,D,W,D","L,W,W,L,L,D,L,L,L,L,W,L,D,W,D,L,D,L,L"
2001-2002,11,Southampton,38,12,9,17,46,54,-8,45,19,19,23,22,23,32,7,5,7,5,4,10,"W,L,L,D,W,L,D,D,D,D,W,D,L,D,W,D,L,W,W,L,W,L,W,W,L,W,L,L,L,D,L,L,W,L,W,L,L,L","W,L,W,D,D,D,D,W,L,W,L,W,W,W,L,D,L,L,L","L,D,L,D,W,L,D,D,W,L,W,L,L,L,L,W,W,L,L"
2001-2002,12,Middlesbrough,38,12,9,17,35,47,-12,45,19,19,23,26,12,21,7,5,7,5,4,10,"L,L,L,L,W,W,D,W,L,D,W,L,W,D,D,W,D,L,W,L,L,L,L,W,D,D,W,L,W,D,L,D,W,W,L,L,L,L","L,L,W,D,L,W,W,D,D,D,W,L,D,W,W,L,W,L,L","L,L,W,W,D,L,W,L,L,L,L,W,D,L,D,D,W,L,L"
2001-2002,13,Fulham,38,10,14,14,36,44,-8,44,19,19,21,16,15,28,7,7,5,3,7,9,"L,D,W,W,D,L,D,L,L,L,L,L,L,W,D,L,D,W,W,L,D,L,D,W,D,D,W,W,W,D,L,D,D,L,D,D,W,L","D,W,L,L,L,W,D,W,L,D,W,D,W,W,D,D,L,D,W","L,W,D,D,L,L,L,L,L,D,W,L,D,D,W,L,D,D,L"
2001-2002,14,Charlton,38,10,14,14,38,49,-11,44,19,19,23,30,15,19,5,6,8,5,8,6,"D,D,L,D,L,L,L,L,W,D,W,D,L,D,W,L,L,W,W,D,L,D,W,W,D,L,D,W,L,L,D,D,W,D,L,D,W,L","D,D,L,L,W,L,W,L,W,L,W,D,D,L,D,W,L,D,L","D,L,L,L,W,D,D,D,L,W,D,D,W,L,W,L,D,D,W"
2001-2002,15,Everton,38,11,10,17,45,57,-12,43,19,19,26,23,19,34,8,4,7,3,6,10,"L,L,W,D,L,W,L,W,W,L,D,D,L,L,D,D,W,L,L,L,L,L,W,L,W,D,D,D,L,W,D,W,L,L,L,W,D,W","L,D,W,W,D,L,L,W,L,L,W,W,D,L,W,W,L,W,D","L,W,L,L,W,L,D,D,D,L,L,L,L,D,D,D,L,L,W"
2001-2002,16,Bolton,38,9,13,16,44,62,-18,40,19,19,20,31,24,31,5,7,7,4,6,9,"L,L,L,D,W,L,W,W,L,L,D,D,W,L,L,D,D,D,D,L,L,D,L,L,D,W,D,L,W,L,L,D,D,L,D,W,W,W","L,D,W,W,L,D,W,L,D,D,L,D,D,D,L,L,L,W,W","L,L,L,W,L,D,L,D,D,L,L,L,W,L,W,D,D,D,W"
2001-2002,17,Sunderland,38,10,10,18,29,51,-22,40,19,19,18,16,11,35,7,7,5,3,3,13,"D,D,L,L,L,W,L,D,L,W,L,L,W,L,L,D,L,D,L,W,W,L,D,W,L,W,L,D,L,L,W,D,L,D,W,D,L,W","D,L,W,D,W,L,L,D,D,W,D,W,W,D,L,D,L,W,W","D,L,L,L,L,L,W,L,L,L,W,L,L,L,L,W,D,D,L"
2001-2002,18,Ipswich,38,9,9,20,41,64,-23,36,19,19,20,24,21,40,6,4,9,3,5,11,"L,L,W,L,L,D,L,D,D,L,L,L,L,W,W,W,W,L,W,W,W,L,L,L,D,L,L,L,D,D,D,L,L,D,D,L,W,L","L,W,D,D,L,L,W,W,W,W,L,L,L,L,D,L,D,L,W","L,L,L,L,D,L,L,W,W,L,W,L,D,L,D,D,L,D,L"
2001-2002,19,Derby,38,8,6,24,33,63,-30,30,19,19,20,26,13,37,5,4,10,3,2,14,"D,L,L,L,L,L,L,L,W,L,D,W,L,W,L,L,L,L,W,L,W,L,L,W,L,L,W,L,D,D,L,L,L,L,D,D,L,W","L,L,L,L,D,L,W,L,L,W,W,L,W,D,D,L,L,D,W","D,L,L,L,W,L,W,L,L,W,L,L,L,L,L,L,L,D,L"
2001-2002,20,Leicester,38,5,13,20,30,64,-34,28,19,19,15,34,15,30,3,7,9,2,6,11,"W,D,D,D,L,L,W,L,D,D,L,L,L,L,L,L,D,L,D,L,D,D,L,W,D,L,W,D,L,L,L,L,D,L,W,D,L,L","W,D,L,W,L,D,L,L,L,D,D,L,D,W,L,D,L,D,L","D,D,L,D,L,L,L,L,D,L,D,W,L,D,L,L,L,W,L"
2002-2003,1,Man Utd,38,25,8,5,74,34,40,83,19,19,42,12,32,22,16,2,1,9,6,4,"W,W,W,W,D,W,W,W,W,W,D,D,W,W,W,W,W,W,L,L,W,W,W,W,D,L,W,D,D,W,W,W,L,L,W,D,D,W","W,W,W,W,W,D,W,W,W,W,W,W,W,D,W,W,L,W,W","W,W,D,W,W,D,W,W,W,L,L,W,D,L,D,W,L,D,D"
2002-2003,2,Arsenal,38,23,9,6,85,42,43,78,19,19,47,20,38,22,15,2,2,8,7,4,"W,W,L,D,W,D,D,W,L,W,W,D,W,D,W,W,W,D,W,W,D,L,W,L,W,W,W,L,L,W,W,W,W,W,D,W,D,W","W,L,D,W,W,W,W,W,D,W,W,W,W,L,W,W,W,W,W","W,D,W,D,L,W,D,D,W,W,D,L,L,W,L,W,W,D,D"
2002-2003,3,Newcastle,38,21,6,11,63,48,15,69,19,19,36,17,27,31,15,2,2,6,4,9,"D,W,W,D,L,L,L,W,W,L,W,W,D,W,W,W,D,W,W,L,W,D,W,W,L,W,L,W,W,L,W,W,W,L,L,D,L,W","W,D,L,W,W,D,W,W,W,W,W,W,W,W,W,W,W,L,W","D,W,L,L,W,L,W,W,D,L,D,W,L,L,L,W,L,D,L"
2002-2003,4,Chelsea,38,19,10,9,68,38,30,67,19,19,41,15,27,23,12,5,2,7,5,7,"W,L,D,W,L,W,W,W,W,L,L,W,D,W,L,W,L,L,D,W,D,W,W,D,W,W,D,W,W,L,L,D,W,W,D,D,D,W","W,D,W,W,W,L,D,W,W,D,W,W,W,W,W,L,W,D,D","L,L,W,W,L,W,L,L,L,D,W,D,D,W,L,D,W,D,W"
2002-2003,5,Liverpool,38,18,10,10,61,41,20,64,19,19,30,16,31,25,9,8,2,9,2,8,"L,L,W,W,W,W,L,W,W,W,L,D,W,D,W,D,L,D,D,D,L,L,L,L,D,L,W,W,W,W,W,W,W,D,D,D,W,W","L,W,W,W,W,D,D,D,D,D,L,D,W,W,W,W,D,D,W","L,W,W,L,W,L,W,W,L,D,L,L,L,L,W,W,W,D,W"
2002-2003,6,Blackburn,38,16,12,10,52,43,9,60,19,19,24,15,28,28,9,7,3,7,5,7,"W,D,W,D,L,W,W,L,W,W,W,W,L,L,D,D,W,D,D,W,L,D,W,L,L,D,D,W,W,L,W,W,D,L,L,D,W,D","D,D,W,W,W,W,D,W,D,W,W,L,D,W,L,W,L,D,D","W,W,L,W,L,W,L,L,D,D,L,D,L,D,W,W,D,L,W"
2002-2003,7,Everton,38,17,8,13,48,49,-1,59,19,19,28,19,20,30,11,5,3,6,3,10,"L,L,W,L,L,W,W,L,D,D,W,L,W,W,W,L,D,D,D,D,W,L,L,W,W,W,W,W,W,L,W,L,W,L,L,D,W,D","L,W,L,W,D,W,W,W,D,D,W,L,W,W,W,W,W,D,D","L,L,W,L,D,L,W,L,D,D,L,W,W,W,L,L,L,L,W"
2002-2003,8,Southampton,38,13,13,12,43,46,-3,52,19,19,25,16,18,30,9,8,2,4,5,10,"W,L,D,L,L,W,D,D,D,W,L,L,L,W,L,D,W,W,D,D,D,W,W,W,L,D,L,W,W,W,D,D,L,W,L,D,L,D","D,W,D,D,W,L,L,W,W,D,W,W,D,W,W,D,W,D,D","W,L,L,L,D,L,L,W,D,D,D,W,L,L,W,D,L,L,L"
2002-2003,9,Man City,38,15,6,17,47,54,-7,51,19,19,28,26,19,28,9,2,8,6,4,9,"L,W,L,W,W,D,L,L,W,L,L,D,L,W,L,W,D,W,W,L,D,W,W,L,L,W,W,W,L,L,L,D,D,L,W,L,W,L","L,L,W,D,W,L,L,W,W,W,L,W,L,W,L,L,D,W,W","W,W,L,L,L,D,L,D,W,D,W,L,W,W,L,D,L,L,L"
2002-2003,10,Spurs,38,14,8,16,51,62,-11,50,19,19,30,29,21,33,9,4,6,5,4,10,"L,L,L,W,L,D,W,L,L,L,D,W,D,L,W,W,L,L,D,W,D,W,D,W,L,L,D,L,W,W,L,L,W,L,W,W,W,D","L,L,L,W,L,D,W,L,W,D,D,W,W,D,W,L,W,W,W","L,W,D,L,L,D,W,L,L,W,D,L,L,L,W,L,L,W,D"
2002-2003,11,Middlesbrough,38,13,10,15,48,44,4,49,19,19,36,21,12,23,10,7,2,3,3,13,"L,W,L,L,L,D,W,D,W,W,D,W,D,L,L,D,L,L,W,L,D,D,L,W,L,W,L,D,L,W,W,W,L,W,L,W,D,D","W,L,W,D,W,D,L,D,W,D,D,W,W,D,W,W,W,W,D","L,L,L,D,W,W,D,L,L,L,L,L,L,L,L,W,L,L,D"
2002-2003,12,Charlton,38,14,7,17,45,56,-11,49,19,19,26,30,19,26,8,3,8,6,4,9,"L,L,W,L,L,L,L,D,L,L,W,W,W,W,W,D,L,W,D,D,D,W,W,W,W,L,D,L,W,L,L,D,L,L,W,L,W,L","L,W,L,L,L,W,W,W,D,W,D,W,W,D,W,L,L,L,L","L,L,L,D,L,W,W,L,D,D,W,W,L,L,L,D,L,W,W"
2002-2003,13,Birmingham,38,13,9,16,41,49,-8,48,19,19,25,23,16,26,8,5,6,5,4,10,"D,L,W,W,W,W,L,W,L,W,W,L,L,L,D,L,L,L,D,D,W,L,D,W,D,L,W,L,D,W,L,L,W,D,W,D,L,L","D,W,W,W,W,W,L,L,L,D,D,D,D,W,L,L,W,W,L","L,W,L,L,W,L,D,L,L,W,L,W,L,D,W,L,D,D,L"
2002-2003,14,Fulham,38,13,9,16,41,50,-9,48,19,19,26,18,15,32,11,3,5,2,6,11,"W,W,D,L,W,L,L,L,D,W,D,W,W,L,L,W,D,L,D,L,L,W,L,W,D,L,L,L,L,D,W,L,D,W,W,L,D,W","W,W,L,D,W,W,W,W,L,L,W,W,L,L,D,W,D,W,W","W,D,L,L,L,D,L,L,D,D,L,L,D,L,L,L,W,L,D"
2002-2003,15,Leeds,38,14,5,19,58,57,1,47,19,19,25,26,33,31,7,3,9,7,2,10,"W,W,L,W,L,D,W,L,L,L,L,W,L,L,D,L,W,W,W,D,W,L,L,L,L,W,L,D,L,D,L,L,W,W,L,L,W,W","W,L,W,D,L,L,W,D,W,W,D,L,L,L,L,L,W,L,W","W,L,W,L,L,L,L,L,W,W,L,L,W,D,D,L,W,L,W"
2002-2003,16,Aston Villa,38,12,9,17,42,47,-5,45,19,19,25,14,17,33,11,2,6,1,7,11,"L,W,L,D,W,D,D,D,L,L,L,L,W,W,L,D,W,W,L,L,W,L,L,W,D,W,D,D,L,D,L,W,L,W,L,W,L,L","W,W,D,L,L,W,L,W,W,W,L,W,W,L,D,W,W,W,L","L,L,D,D,D,L,L,W,D,L,L,L,D,D,D,L,L,L,L"
2002-2003,17,Bolton,38,10,14,14,41,51,-10,44,19,19,27,24,14,27,7,8,4,3,6,10,"W,D,D,D,W,L,W,W,W,L,D,D,W,L,L,D,D,L,D,W,D,L,D,L,D,W,D,L,D,L,L,D,L,L,W,W,L,L","W,D,W,W,W,D,W,L,D,W,L,D,D,D,D,D,L,W,L","D,D,L,W,L,D,L,D,L,D,D,L,W,L,L,L,L,W,L"
2002-2003,18,West Ham,38,10,12,16,42,59,-17,42,19,19,21,24,21,35,5,7,7,5,5,9,"D,W,W,W,L,D,D,W,D,W,W,L,L,W,L,L,D,D,D,D,L,D,L,L,D,L,L,L,W,W,L,W,D,L,L,L,D,L","W,W,D,W,W,L,W,D,D,D,L,D,L,L,L,D,L,L,D","D,W,L,D,D,W,L,L,L,D,L,D,L,L,W,W,W,L,L"
2002-2003,19,West Brom,38,6,8,24,29,65,-36,26,19,19,17,34,12,31,3,5,11,3,3,13,"D,D,L,L,W,L,L,L,L,L,L,L,D,W,L,D,L,L,L,D,L,L,W,L,D,D,L,L,D,L,L,L,W,W,W,L,L,L","D,L,L,L,L,L,D,L,L,L,D,W,D,L,D,L,W,W,L","D,W,L,L,L,L,W,D,L,L,L,L,D,L,L,L,W,L,L"
2002-2003,20,Sunderland,38,4,7,27,21,65,-44,19,19,19,11,31,10,34,3,2,14,1,5,13,"L,L,L,L,L,L,L,L,L,L,L,L,L,L,L,D,L,L,L,D,W,L,L,L,D,W,D,D,L,L,W,L,L,L,D,W,L,D","L,L,L,L,L,L,L,L,D,L,W,L,L,W,L,W,L,D,L","L,L,L,L,L,L,L,L,L,D,L,D,D,D,L,L,L,W,D"
2003-2004,1,Arsenal,38,26,12,0,73,26,47,90,19,19,40,14,33,12,15,4,0,11,8,0,"W,W,D,D,D,W,D,W,D,W,W,W,W,W,W,W,W,W,D,W,W,D,W,D,D,W,W,W,D,W,W,W,D,D,W,W,W,W","W,D,W,W,D,W,W,W,W,W,W,W,D,W,W,W,D,W,W","W,D,D,D,W,W,W,W,D,W,D,D,W,W,D,W,D,W,W"
2003-2004,2,Chelsea,38,24,7,7,67,30,37,79,19,19,34,13,33,17,12,4,3,12,3,4,"W,D,W,L,D,L,D,W,W,W,W,W,L,W,W,W,D,W,L,W,L,W,L,D,W,W,W,W,W,L,D,W,W,W,W,D,W,W","W,W,D,D,W,W,L,W,D,L,W,L,W,W,W,W,W,D,W","D,L,L,W,W,W,W,W,W,L,W,D,W,W,L,D,W,W,W"
2003-2004,3,Man Utd,38,23,6,9,64,35,29,75,19,19,37,15,27,20,12,4,3,11,2,6,"W,D,L,L,W,L,W,W,D,W,L,D,D,L,W,W,L,D,W,W,W,W,W,W,L,W,W,W,L,W,W,W,D,W,L,W,W,W","D,L,W,W,W,D,L,W,D,W,W,W,W,W,L,W,D,W,W","W,L,L,W,D,L,D,W,L,W,W,W,L,W,W,W,W,L,W"
2003-2004,4,Liverpool,38,16,12,10,55,37,18,60,19,19,29,15,26,22,10,4,5,6,8,5,"D,W,W,W,D,L,L,W,D,W,W,L,D,W,D,D,D,L,W,W,D,W,L,D,W,D,L,W,W,L,L,L,W,W,W,D,D,L","D,W,D,L,W,W,W,W,D,W,W,L,W,L,W,L,W,D,L","W,W,L,D,L,D,D,D,L,W,D,D,D,W,L,L,W,W,D"
2003-2004,5,Newcastle,38,13,17,8,52,40,12,56,19,19,33,14,19,26,11,5,3,2,12,5,"D,D,D,L,W,D,D,W,L,W,L,D,W,D,W,D,W,D,W,L,D,D,W,D,D,W,L,D,W,W,W,W,L,D,D,L,L,D","D,W,D,W,W,W,W,W,W,L,W,D,W,D,W,W,D,L,L","D,D,L,D,L,L,D,D,D,D,D,D,D,L,W,W,L,D,D"
2003-2004,6,Aston Villa,38,15,11,12,48,44,4,56,19,19,24,19,24,25,9,6,4,6,5,8,"L,D,W,W,D,W,D,D,W,L,W,L,D,W,W,W,L,L,W,W,D,W,W,L,W,L,L,D,D,D,D,L,W,L,W,L,D,L","L,W,D,W,D,L,D,W,L,W,W,W,W,L,D,D,W,W,D","D,W,D,W,W,L,W,W,L,D,W,L,L,D,D,L,L,L,L"
2003-2004,7,Charlton,38,14,11,13,51,51,0,53,19,19,29,29,22,22,7,6,6,7,5,7,"W,D,D,L,L,D,W,D,L,L,W,L,W,L,L,L,W,W,D,W,W,D,D,L,L,D,W,W,D,W,W,W,L,L,D,D,W,L","W,D,D,D,L,W,W,L,L,W,W,D,L,W,D,W,L,D,L","D,L,L,W,L,L,L,W,D,W,D,L,D,W,W,W,L,D,W"
2003-2004,8,Bolton,38,14,11,13,48,56,-8,53,19,19,24,21,24,35,6,8,5,8,3,8,"L,W,W,W,W,W,D,L,W,L,L,L,L,D,D,W,W,W,L,D,L,D,W,L,W,W,D,W,L,L,D,D,D,W,D,L,D,L","L,W,W,D,W,L,L,D,W,L,D,D,W,D,L,D,W,D,D","W,W,W,L,L,L,D,W,W,L,W,L,W,W,L,D,D,L,L"
2003-2004,9,Fulham,38,14,10,14,52,46,6,52,19,19,29,21,23,25,9,4,6,5,6,8,"W,L,D,W,D,L,W,D,D,L,W,D,L,L,D,W,L,W,L,L,W,L,L,W,D,W,L,L,W,L,D,W,W,D,D,W,L,W","L,W,L,D,W,D,L,W,W,W,L,W,W,L,L,D,W,D,W","W,D,D,W,D,L,L,D,L,L,L,L,D,L,W,W,D,W,L"
2003-2004,10,Birmingham,38,12,14,12,43,48,-5,50,19,19,26,24,17,24,8,5,6,4,9,6,"D,L,D,D,D,L,L,D,W,L,L,W,W,D,W,D,D,D,W,L,L,W,W,L,L,L,D,L,W,D,D,L,W,W,D,W,D,W","L,D,L,W,L,W,W,W,D,W,W,L,L,L,D,D,W,D,W","D,D,D,L,D,L,D,D,D,L,L,W,L,D,W,L,W,W,D"
2003-2004,11,Middlesbrough,38,13,9,16,44,52,-8,48,19,19,25,23,19,29,8,4,7,5,5,9,"L,W,L,L,L,W,D,W,D,W,L,W,L,L,W,L,W,D,L,W,L,D,D,D,W,D,W,W,D,L,L,W,W,L,L,D,L,L","W,L,W,W,W,W,L,D,W,L,D,D,D,W,L,L,W,L,L","L,L,L,D,D,L,L,L,W,W,L,D,W,W,D,W,L,D,L"
2003-2004,12,Southampton,38,12,11,15,44,45,-1,47,19,19,24,17,20,28,8,6,5,4,5,10,"L,D,D,L,L,W,L,W,W,L,W,D,D,L,D,L,W,L,D,L,L,W,W,W,L,L,D,L,W,D,L,L,W,W,W,D,D,D","D,D,L,W,W,D,D,W,D,L,W,W,L,L,W,L,W,W,D","L,L,W,L,W,L,D,L,L,L,L,W,L,D,D,L,W,D,D"
2003-2004,13,Portsmouth,38,12,9,17,47,54,-7,45,19,19,35,19,12,35,10,4,5,2,5,12,"W,L,D,D,W,W,W,D,W,W,L,L,D,L,L,D,L,W,L,L,W,L,L,D,L,L,W,L,L,W,L,L,L,D,D,W,D,W","W,D,D,W,W,W,D,L,D,W,W,L,L,W,W,L,L,W,W","L,W,D,W,L,L,L,L,L,L,L,D,L,L,L,L,D,D,D"
2003-2004,14,Spurs,38,13,6,19,47,57,-10,45,19,19,33,27,14,30,9,4,6,4,2,13,"W,W,L,D,L,D,L,L,L,L,W,L,D,W,W,L,W,W,W,L,L,L,L,W,L,W,L,L,D,W,W,D,L,L,L,D,W,L","W,D,D,L,W,D,W,W,W,L,L,W,W,L,D,W,L,L,W","W,L,L,L,L,L,L,W,L,W,L,L,L,L,W,D,L,D,L"
2003-2004,15,Blackburn,38,12,8,18,51,59,-8,44,19,19,25,31,26,28,5,4,10,7,4,8,"D,L,W,W,W,W,L,L,L,W,L,D,L,D,W,L,D,L,D,W,D,L,L,W,W,L,W,L,L,L,L,L,W,L,D,L,D,W","D,W,W,L,L,L,D,D,L,L,D,L,W,W,L,L,L,L,W","L,W,W,L,W,L,W,D,D,W,L,W,L,L,L,L,W,D,D"
2003-2004,16,Man City,38,9,14,15,55,54,1,41,19,19,31,24,24,30,5,9,5,4,5,10,"W,L,W,D,L,D,D,D,D,L,W,L,W,L,D,L,D,L,D,D,L,D,L,D,L,L,L,W,L,W,L,D,D,W,L,W,D,W","W,W,L,D,D,W,L,D,D,D,D,D,L,L,W,D,W,L,D","L,D,D,D,L,W,L,L,L,L,L,D,L,W,L,L,D,W,W"
2003-2004,17,Everton,38,9,12,17,45,57,-12,39,19,19,27,20,18,37,8,5,6,1,7,11,"L,L,L,L,D,D,W,L,D,D,W,W,D,L,L,D,L,L,D,W,L,W,W,D,L,W,L,L,D,D,L,W,L,D,L,D,W,L","L,L,W,D,W,W,L,L,D,W,W,D,W,L,D,W,D,L,W","L,L,D,D,L,D,D,L,D,L,L,W,L,L,D,L,L,D,L"
2003-2004,18,Leicester,38,6,15,17,48,65,-17,33,19,19,19,28,29,37,3,10,6,3,5,11,"L,W,D,D,L,L,L,L,D,D,W,D,D,D,L,L,D,L,D,D,D,L,L,D,W,D,W,W,L,L,L,L,L,W,L,D,L,D","W,D,L,D,D,D,D,L,L,D,L,D,D,W,L,L,W,D,D","L,D,L,L,L,W,D,L,D,D,D,L,W,W,L,L,L,L,L"
2003-2004,19,Leeds,38,8,9,21,40,79,-39,33,19,19,25,31,15,48,5,7,7,3,2,14,"L,D,L,L,L,D,W,W,L,W,L,D,D,W,L,L,L,L,L,L,D,D,W,D,W,L,L,L,L,L,W,L,L,L,W,D,L,D","D,L,D,W,W,D,W,L,L,D,W,D,L,L,L,W,L,D,D","L,L,L,W,L,L,D,L,L,L,L,D,W,L,L,L,L,W,L"
2003-2004,20,Wolves,38,7,12,19,38,77,-39,33,19,19,23,35,15,42,7,5,7,0,7,12,"L,D,W,D,W,L,D,L,L,L,L,D,W,L,L,D,D,W,L,D,W,L,L,L,D,L,D,L,W,D,W,D,L,L,D,L,L,L","L,W,W,L,L,L,W,L,D,W,D,W,D,D,W,W,L,D,L","D,D,D,L,L,D,L,D,L,L,L,L,L,L,D,D,L,L,L"
2004-2005,1,Chelsea,38,29,8,1,72,15,57,95,19,19,35,6,37,9,14,5,0,15,3,1,"D,W,W,W,W,D,D,W,W,W,W,W,D,W,W,W,W,W,W,W,W,D,W,W,D,W,W,W,W,L,W,W,D,D,W,W,W,W","W,W,D,D,W,W,D,W,W,W,W,W,D,W,W,W,D,W,W","D,W,W,W,W,W,W,W,W,W,D,W,W,W,L,W,D,W,W"
2004-2005,2,Arsenal,38,25,8,5,87,36,51,83,19,19,54,19,33,17,13,5,1,12,3,4,"L,W,W,W,W,D,W,W,W,W,D,W,W,L,W,L,D,W,W,W,W,D,W,L,D,W,D,D,L,W,W,W,D,W,W,W,W,W","W,W,W,W,W,W,L,W,D,W,D,W,D,D,W,W,D,W,W","L,W,D,W,W,D,W,L,W,W,W,L,W,D,L,W,W,W,W"
2004-2005,3,Man Utd,38,22,11,5,58,26,32,77,19,19,31,12,27,14,12,6,1,10,5,4,"W,L,D,W,W,L,L,D,W,D,W,W,W,W,W,W,D,W,W,W,W,D,W,W,W,W,D,L,W,D,D,W,W,D,D,D,W,L","L,D,W,D,W,W,W,W,D,W,W,W,W,D,W,D,W,D,W","W,W,L,L,D,W,W,W,W,W,D,W,W,L,D,W,D,D,L"
2004-2005,4,Everton,38,18,7,13,45,46,-1,61,19,19,24,15,21,31,12,2,5,6,5,8,"L,L,W,L,D,W,W,L,L,L,W,L,D,W,L,D,W,L,L,W,D,W,W,D,W,W,L,D,W,W,L,W,W,W,D,W,W,L","W,D,W,W,L,L,W,L,W,W,W,W,W,D,W,L,W,W,L","L,L,L,L,L,W,D,D,L,L,D,D,W,L,W,W,W,D,W"
2004-2005,5,Liverpool,38,17,7,14,52,41,11,58,19,19,31,15,21,26,12,4,3,5,3,11,"W,L,D,L,W,D,L,W,W,D,L,L,W,W,L,L,W,L,W,W,W,D,L,D,W,L,W,L,D,W,W,L,W,L,W,L,W,D","W,D,D,W,W,D,W,L,L,W,W,D,W,W,L,W,W,W,W","L,L,W,L,L,L,W,L,W,W,L,D,L,D,W,L,L,L,D"
2004-2005,6,Bolton,38,16,10,12,49,44,5,58,19,19,25,18,24,26,9,5,5,7,5,7,"W,D,L,D,D,W,W,L,W,W,L,D,W,W,W,W,W,D,L,L,L,L,L,L,D,L,D,W,W,W,L,D,D,D,W,W,L,W","W,L,D,W,W,D,W,W,D,L,L,L,L,W,W,D,D,W,W","D,D,W,L,W,L,W,W,W,L,L,L,D,D,W,L,D,W,L"
2004-2005,7,Middlesbrough,38,14,13,11,53,46,7,55,19,19,29,19,24,27,9,6,4,5,7,7,"D,W,D,D,W,D,L,W,L,L,D,D,W,L,D,D,L,L,W,L,W,D,W,L,W,W,D,W,D,W,D,L,L,W,W,W,L,D","W,W,D,L,L,D,W,D,L,W,W,W,W,D,D,L,W,W,D","D,D,D,W,L,D,L,D,L,L,D,L,W,W,W,D,L,W,L"
2004-2005,8,Man City,38,13,13,12,47,39,8,52,19,19,24,14,23,25,8,6,5,5,7,7,"D,W,W,D,W,D,W,D,L,L,W,L,D,D,L,W,D,W,D,L,W,L,L,W,W,D,D,D,L,W,D,L,W,L,W,L,L,D","D,W,W,W,L,L,D,W,W,D,L,W,D,D,W,L,L,W,D","W,D,D,D,L,W,D,L,D,L,W,L,W,D,L,D,W,L,L"
2004-2005,9,Spurs,38,14,10,14,47,41,6,52,19,19,36,22,11,19,9,5,5,5,5,9,"D,L,W,L,D,D,W,D,W,L,L,W,W,L,L,L,D,W,D,W,W,W,W,W,L,L,L,L,L,L,W,L,D,D,W,D,W,D","D,W,D,W,W,W,W,L,W,D,W,W,L,L,L,L,D,W,D","L,L,D,D,L,L,L,L,D,W,W,W,L,L,L,W,D,D,W"
2004-2005,10,Aston Villa,38,12,11,15,45,52,-7,47,19,19,26,17,19,35,8,6,5,4,5,10,"L,L,L,D,D,W,D,W,L,W,L,W,L,D,L,W,L,W,L,L,L,L,D,L,W,W,W,D,W,L,D,D,D,D,W,L,D,W","L,D,D,D,W,L,L,W,W,L,L,D,W,W,W,D,D,W,W","L,L,W,W,L,W,D,L,L,L,L,L,W,D,L,D,D,L,D"
2004-2005,11,Charlton,38,12,10,16,42,58,-16,46,19,19,29,29,13,29,8,4,7,4,6,9,"D,L,L,L,D,L,L,D,L,W,D,D,D,L,W,W,L,L,W,D,W,W,W,L,L,W,W,L,L,D,L,W,D,D,L,W,W,L","D,L,L,D,L,W,L,W,L,W,W,L,W,L,D,W,D,W,W","L,L,D,L,D,D,D,W,L,D,W,W,L,W,L,L,D,L,L"
2004-2005,12,Birmingham,38,11,12,15,40,46,-6,45,19,19,24,15,16,31,8,6,5,3,6,10,"W,L,W,D,L,D,D,D,W,L,L,W,L,W,L,L,L,L,W,W,W,W,L,D,D,L,W,L,D,D,D,D,D,L,L,W,L,D","W,W,D,D,W,W,W,L,L,W,W,D,L,L,D,D,D,W,L","L,D,L,D,L,L,L,L,L,W,W,L,D,W,D,D,L,L,D"
2004-2005,13,Fulham,38,12,8,18,52,60,-8,44,19,19,29,26,23,34,8,4,7,4,4,11,"W,W,L,W,L,D,D,L,W,L,D,L,L,D,W,W,D,W,L,L,L,D,W,L,L,L,W,W,L,L,L,W,D,L,L,L,W,D","W,L,W,D,W,D,D,W,W,L,D,L,L,W,L,W,L,L,W","W,L,D,L,L,L,L,W,D,L,L,W,L,W,L,L,D,L,D"
2004-2005,14,Newcastle,38,10,14,14,47,57,-10,44,19,19,25,25,22,32,7,7,5,3,7,9,"D,L,W,D,D,L,L,L,L,D,W,W,D,D,L,W,D,W,L,D,L,D,L,D,W,L,L,L,W,D,D,W,W,W,L,D,L,D","D,D,D,L,W,W,D,W,W,L,D,D,L,L,W,W,W,D,L","L,W,L,L,L,D,D,L,D,D,L,L,W,L,D,D,W,L,D"
2004-2005,15,Blackburn,38,9,15,14,32,43,-11,42,19,19,21,22,11,21,5,8,6,4,7,8,"D,L,L,D,D,W,W,D,L,D,W,W,L,L,L,W,W,L,W,D,D,D,L,W,D,D,D,D,L,L,D,L,W,L,D,L,L,D","L,D,W,W,L,W,L,L,W,D,D,L,D,D,L,D,W,D,D","D,L,D,D,D,W,L,W,L,W,D,W,D,D,L,L,L,L,L"
2004-2005,16,Portsmouth,38,10,9,19,43,59,-16,39,19,19,30,26,13,33,8,4,7,2,5,12,"L,D,L,W,L,D,W,L,D,L,L,L,L,W,L,L,L,D,L,W,L,D,D,W,W,L,L,L,W,D,W,D,L,L,W,W,L,D","D,W,L,W,D,L,W,L,D,L,L,W,L,W,W,L,W,W,D","L,L,D,L,L,L,L,L,L,W,D,D,W,L,L,D,D,L,L"
2004-2005,17,West Brom,38,6,16,16,36,61,-25,34,19,19,17,24,19,37,5,8,6,1,8,10,"W,D,L,D,L,D,D,W,W,L,W,D,L,D,W,L,D,D,D,L,L,L,L,L,D,L,D,L,L,D,W,L,D,L,L,D,D,D","W,L,D,W,W,D,D,W,D,L,L,L,L,L,D,W,D,D,D","D,L,D,D,W,L,L,L,D,D,L,L,D,D,L,L,L,L,D"
2004-2005,18,Crystal Palace,38,7,12,19,41,62,-21,33,19,19,21,19,20,43,6,5,8,1,7,11,"D,D,D,W,L,D,L,L,L,D,W,L,L,D,W,L,W,L,D,L,L,D,L,D,L,L,D,W,W,L,W,D,L,L,L,L,L,D","D,W,D,L,D,W,L,W,W,L,D,L,L,D,W,W,L,L,L","D,D,L,L,L,L,D,L,L,D,L,D,L,W,L,D,L,L,D"
2004-2005,19,Norwich,38,7,12,19,42,77,-35,33,19,19,29,32,13,45,7,5,7,0,7,12,"L,W,L,W,W,D,W,L,L,L,L,L,W,L,D,L,L,D,L,L,L,W,L,D,W,L,D,D,L,D,D,L,D,D,L,D,L,D","W,W,W,W,L,L,W,D,L,L,W,L,W,D,L,D,D,L,D","L,L,D,L,L,L,L,L,D,L,L,D,L,D,D,L,D,D,L"
2004-2005,20,Southampton,38,6,14,18,45,66,-21,32,19,19,30,30,15,36,5,9,5,1,5,13,"L,D,W,L,D,L,L,L,W,W,D,D,D,L,W,L,D,L,L,D,L,D,L,D,L,W,D,D,D,L,D,L,L,D,L,L,W,L","L,W,L,L,W,D,D,W,D,D,D,D,W,D,D,D,L,L,W","D,L,D,L,W,D,L,L,L,L,L,L,L,D,L,L,D,L,L"
2005-2006,1,Chelsea,38,29,4,5,72,22,50,91,19,19,47,9,25,13,18,1,0,11,3,5,"L,L,W,W,W,W,D,W,L,W,W,W,L,W,D,D,W,W,W,W,W,W,W,W,W,W,L,W,D,W,W,W,W,W,W,W,W,W","W,W,W,W,W,W,W,D,W,W,W,W,W,W,W,W,W,W,W","L,L,W,D,L,W,L,D,W,W,W,W,W,L,D,W,W,W,W"
2005-2006,2,Man Utd,38,25,8,5,72,34,38,83,19,19,37,8,35,26,13,5,1,12,3,4,"W,D,L,W,D,W,W,W,W,W,W,W,W,W,L,W,L,D,W,D,W,W,W,D,W,W,W,W,L,D,W,W,L,D,D,W,W,W","W,D,D,W,W,W,W,W,W,W,W,W,D,W,W,D,L,D,W","L,W,W,W,W,W,L,L,D,D,W,W,W,L,W,W,D,W,W"
2005-2006,3,Liverpool,38,25,7,6,57,25,32,82,19,19,32,8,25,17,15,3,1,10,4,5,"W,W,W,W,W,W,W,W,W,L,D,W,W,W,L,L,D,L,W,D,W,W,W,W,W,W,W,W,W,W,L,W,L,D,D,D,W,D","W,W,W,W,D,W,W,D,W,W,W,W,W,W,W,W,L,D,W","W,W,W,W,W,L,W,L,L,L,D,W,W,W,W,L,D,D,D"
2005-2006,4,Arsenal,38,20,7,11,68,31,37,67,19,19,48,13,20,18,14,3,2,6,4,9,"W,W,W,D,W,D,L,W,W,W,W,L,L,D,W,L,L,W,D,D,W,W,L,L,L,W,W,W,D,W,L,W,D,W,L,W,L,W","W,D,W,W,W,W,D,L,W,D,W,L,W,W,W,W,W,W,W","W,W,D,L,W,L,L,W,L,D,W,L,L,W,D,L,D,L,L"
2005-2006,5,Spurs,38,18,11,9,53,38,15,65,19,19,31,16,22,22,12,5,2,6,6,7,"L,W,D,L,W,W,L,W,W,L,W,D,D,W,L,D,L,W,W,L,W,D,W,W,W,D,L,D,D,W,W,W,D,D,L,D,W,W","W,L,W,W,W,D,W,D,W,W,W,W,D,D,W,W,D,L,W","L,D,W,L,W,L,D,L,L,W,L,D,W,L,D,W,D,D,W"
2005-2006,6,Blackburn,38,19,6,13,51,42,9,63,19,19,31,17,20,25,13,3,3,6,3,10,"W,W,W,L,L,D,D,W,W,W,L,W,W,L,L,W,W,D,W,W,W,L,W,L,L,D,W,L,W,L,W,W,L,D,L,D,W,L","W,W,L,D,W,W,W,W,W,D,W,W,L,W,W,W,L,D,W","W,L,D,W,L,L,L,W,W,W,L,L,D,L,L,W,D,L,L"
2005-2006,7,Newcastle,38,17,7,14,47,42,5,58,19,19,28,15,19,27,11,5,3,6,2,11,"W,D,W,W,W,W,W,L,L,L,W,W,D,W,W,L,L,L,D,L,L,W,W,D,L,L,W,W,W,L,D,W,W,D,L,L,D,L","W,W,W,W,L,W,W,D,W,L,D,W,D,W,W,W,D,L,D","D,W,W,L,L,W,L,L,L,L,W,L,L,W,L,D,W,L,L"
2005-2006,8,Bolton,38,15,11,12,49,41,8,56,19,19,29,13,20,28,11,5,3,4,6,9,"W,D,L,W,D,L,L,L,L,L,W,W,L,W,D,D,D,W,D,D,L,D,W,D,W,L,W,W,W,L,L,W,W,D,W,W,L,D","W,D,W,L,L,W,W,W,D,W,D,D,W,W,W,W,D,W,L","L,D,L,L,L,L,D,D,D,L,D,W,L,W,L,L,W,W,D"
2005-2006,9,West Ham,38,16,7,15,52,55,-3,55,19,19,30,25,22,30,9,3,7,7,4,8,"W,W,L,L,W,L,D,L,W,L,L,D,W,W,W,W,W,L,L,L,D,L,W,L,W,L,D,W,L,W,L,D,D,W,W,L,D,W","W,L,W,D,L,D,W,W,W,L,L,L,L,W,W,D,W,L,W","W,L,L,L,W,L,W,W,L,D,W,L,W,D,L,L,D,W,D"
2005-2006,10,Wigan,38,15,6,17,45,52,-7,51,19,19,24,26,21,26,7,3,9,8,3,8,"L,L,L,W,L,D,D,L,W,W,L,D,L,D,D,W,L,L,L,W,W,W,L,L,L,L,L,W,W,W,W,W,W,D,W,W,L,L","L,W,D,L,L,L,D,L,L,W,W,L,L,W,W,W,D,W,L","L,L,L,D,W,W,D,D,W,L,W,L,L,L,W,W,W,W,L"
2005-2006,11,Everton,38,14,8,16,34,49,-15,50,19,19,22,22,12,27,8,4,7,6,4,9,"D,W,D,L,L,D,D,L,W,W,D,L,W,W,D,W,W,W,W,L,L,L,L,D,W,W,L,W,W,D,L,L,L,L,L,L,W,L","D,D,L,D,W,W,W,W,W,W,L,L,L,W,W,D,L,L,L","W,L,D,L,D,L,D,W,W,L,D,W,L,W,L,L,L,L,W"
2005-2006,12,Fulham,38,14,6,18,48,58,-10,48,19,19,31,21,17,37,13,2,4,1,4,14,"W,L,W,W,W,L,D,W,L,L,L,L,W,L,W,L,W,W,L,D,L,W,L,D,W,L,W,L,W,D,L,L,L,D,W,L,L,D","W,W,W,L,W,L,W,W,W,W,D,W,W,W,W,L,L,W,D","L,W,D,L,L,L,L,L,L,L,L,D,L,L,D,L,D,L,L"
2005-2006,13,Charlton,38,13,8,17,41,55,-14,47,19,19,22,21,19,34,8,4,7,5,4,10,"L,L,L,W,L,D,D,W,L,W,D,D,D,L,W,L,D,D,W,L,W,L,L,W,L,L,L,L,L,W,D,L,W,L,W,W,W,W","L,W,D,W,W,D,W,D,W,W,L,W,L,L,L,D,L,L,W","L,L,L,D,L,D,D,L,L,D,L,L,L,L,W,W,W,W,W"
2005-2006,14,Middlesbrough,38,12,9,17,48,58,-10,45,19,19,28,30,20,28,7,5,7,5,4,10,"L,D,D,L,W,L,L,W,W,L,L,W,W,W,L,W,L,L,D,D,L,D,L,L,D,W,L,W,L,D,W,L,D,W,L,W,L,D","L,W,L,W,W,W,L,L,D,L,D,D,W,W,D,L,W,L,D","L,D,D,L,W,L,L,W,W,L,D,L,L,L,L,W,D,W,L"
2005-2006,15,Man City,38,13,4,21,43,48,-5,43,19,19,26,20,17,28,9,2,8,4,2,13,"L,L,L,W,L,L,L,L,L,L,W,L,W,L,W,L,W,L,D,L,L,W,L,W,L,D,L,W,L,W,W,L,L,D,W,W,W,D","L,L,L,L,W,W,W,W,L,L,W,L,D,W,W,W,L,W,D","L,W,L,L,L,L,L,L,L,D,L,L,W,L,L,L,D,W,W"
2005-2006,16,Aston Villa,38,10,12,16,42,55,-13,42,19,19,20,20,22,35,6,6,7,4,6,9,"W,L,L,L,W,D,L,D,L,L,W,D,L,W,D,D,L,W,D,D,W,L,D,D,W,W,L,L,L,W,L,L,D,L,W,D,L,D","W,L,W,D,D,W,L,D,L,D,W,L,W,L,L,L,D,W,D","L,L,L,L,L,D,W,D,W,D,D,D,W,L,W,L,L,D,L"
2005-2006,17,Portsmouth,38,10,8,20,37,62,-25,38,19,19,17,24,20,38,5,7,7,5,1,13,"L,W,W,L,W,D,D,W,W,W,L,L,L,L,D,L,L,L,W,L,D,W,L,L,L,L,L,W,L,D,D,L,D,W,L,D,L,L","L,W,W,D,D,W,L,D,L,W,D,W,L,L,L,D,D,D,L","W,L,W,W,L,L,L,L,L,L,L,L,L,W,D,L,W,L,L"
2005-2006,18,Birmingham,38,8,10,20,28,50,-22,34,19,19,19,20,9,30,6,5,8,2,5,12,"L,D,D,W,L,D,W,D,L,L,D,L,W,L,L,D,W,L,W,L,D,L,L,W,L,W,L,L,L,L,L,D,D,L,W,L,L,D","D,W,W,D,L,D,W,L,W,W,D,W,L,L,L,D,L,L,L","L,D,L,D,L,L,L,D,L,L,L,L,W,L,L,L,D,W,D"
2005-2006,19,West Brom,38,7,9,22,31,58,-27,30,19,19,21,24,10,34,6,2,11,1,7,11,"D,L,L,D,L,D,L,L,L,D,L,L,L,W,D,L,W,L,L,W,L,L,W,D,D,W,L,L,L,W,L,L,D,L,L,L,W,D","L,D,L,L,L,L,W,L,L,W,W,D,W,L,W,L,L,L,W","D,L,L,D,L,D,L,D,W,L,L,L,D,L,L,L,D,L,D"
2005-2006,20,Sunderland,38,3,6,29,26,69,-43,15,19,19,12,37,14,32,1,4,14,2,2,15,"L,W,L,L,L,D,D,L,L,L,L,L,L,D,L,L,W,L,L,L,D,L,L,L,L,L,L,L,L,L,D,W,D,L,L,L,L,L","W,L,L,L,L,D,L,L,L,D,L,L,L,L,L,D,D,L,L","L,L,D,D,L,L,L,L,L,W,L,L,L,L,L,W,L,L,L"
2006-2007,1,Man Utd,38,28,5,5,83,27,56,89,19,19,46,12,37,15,15,2,2,13,3,3,"L,D,W,W,D,W,L,W,W,W,W,W,W,W,L,W,D,W,W,W,L,W,W,W,D,W,W,W,W,W,W,W,D,L,W,W,W,W","L,D,W,W,W,W,W,W,W,W,W,W,D,W,W,W,L,W,W","D,W,W,L,W,W,W,L,D,W,L,W,W,W,W,W,D,W,W"
2006-2007,2,Chelsea,38,24,11,3,64,24,40,83,19,19,37,11,27,13,12,7,0,12,4,3,"D,D,D,D,D,W,W,W,W,W,W,W,W,W,L,W,D,D,D,W,W,W,D,W,D,W,W,L,W,W,W,D,W,W,W,W,L,W","D,D,D,W,W,W,W,W,D,D,W,D,W,W,W,D,W,W,W","D,D,W,W,W,W,W,L,D,W,W,W,D,L,W,W,W,W,L"
2006-2007,3,Liverpool,38,20,8,10,57,27,30,68,19,19,39,7,18,20,14,4,1,6,4,9,"D,L,L,W,W,D,W,W,D,L,W,L,D,W,W,W,W,W,L,W,W,W,W,D,W,D,L,W,W,L,D,L,W,W,L,L,W,D","D,W,W,W,L,W,D,W,W,W,W,D,W,W,W,D,W,W,W","L,L,D,W,D,L,W,W,W,L,W,W,D,L,L,L,L,L,D"
2006-2007,4,Arsenal,38,19,11,8,63,35,28,68,19,19,43,16,20,19,12,6,1,7,5,7,"D,D,W,D,W,W,D,L,L,L,W,W,W,D,W,W,W,L,W,W,D,W,D,W,L,L,D,W,L,D,W,W,W,W,W,D,L,D","D,W,W,W,L,W,W,W,W,W,D,W,D,W,D,W,W,D,D","D,D,D,L,L,W,D,W,L,W,W,D,L,L,L,W,W,W,L"
2006-2007,5,Spurs,38,17,9,12,57,54,3,60,19,19,34,22,23,32,12,3,4,5,6,8,"W,D,W,W,D,D,L,W,W,W,W,W,L,L,D,L,D,L,W,L,W,W,W,L,W,D,L,W,D,W,D,W,L,D,L,L,W,L","W,D,D,W,W,W,L,L,L,W,W,W,W,W,W,W,D,L,W","W,W,D,L,W,W,L,D,D,L,W,L,D,L,D,D,L,L,L"
2006-2007,6,Everton,38,15,13,10,52,36,16,58,19,19,33,17,19,19,11,4,4,4,9,6,"D,W,L,L,W,D,W,D,W,D,W,L,W,D,W,D,L,W,D,W,L,L,W,L,D,W,L,L,D,W,L,D,D,D,W,W,D,W","W,L,W,W,W,L,W,D,W,D,L,W,W,L,W,D,D,W,W","D,L,D,D,D,W,D,W,L,W,L,L,D,L,D,L,D,W,D"
2006-2007,7,Bolton,38,16,8,14,47,52,-5,56,19,19,26,20,21,32,9,5,5,7,3,9,"D,L,D,L,L,D,W,W,L,L,L,W,W,D,L,D,L,W,W,W,W,W,L,L,W,L,D,L,L,W,W,W,W,D,W,L,D,W","D,L,D,W,L,W,D,D,W,W,W,L,W,L,L,W,D,W,W","L,D,L,W,L,L,W,L,L,W,W,L,L,D,W,W,W,L,D"
2006-2007,8,Reading,38,16,7,15,52,47,5,55,19,19,29,20,23,27,11,2,6,5,5,9,"D,L,W,W,W,D,L,L,D,L,L,W,W,W,W,D,W,L,D,L,L,D,L,W,W,W,W,L,L,L,L,W,D,W,W,L,L,W","L,W,W,L,D,W,W,W,W,L,L,W,W,W,L,L,D,W,W","D,W,D,L,L,L,W,D,L,D,D,L,W,L,L,W,W,L,L"
2006-2007,9,Portsmouth,38,14,12,12,45,42,3,54,19,19,28,15,17,27,11,5,3,3,7,9,"D,L,W,D,W,L,W,D,D,L,L,W,L,D,L,D,D,L,W,W,D,W,D,D,L,W,D,L,W,L,W,L,L,W,W,W,D,W","D,W,W,W,L,W,D,L,D,W,W,D,W,D,W,W,L,W,W","L,D,L,D,D,L,L,D,L,W,D,D,L,L,L,L,W,W,D"
2006-2007,10,Blackburn,38,15,7,16,52,54,-2,52,19,19,31,25,21,29,9,3,7,6,4,9,"D,D,W,W,D,W,L,L,L,W,W,L,W,L,L,W,L,W,W,W,L,W,L,L,W,D,L,L,L,L,D,W,W,W,D,L,D,L","D,W,W,L,L,W,W,L,W,W,L,W,D,L,L,W,W,L,D","D,W,D,L,W,L,L,L,W,W,L,W,L,L,L,D,W,D,L"
2006-2007,11,Aston Villa,38,11,17,10,43,41,2,50,19,19,20,14,23,27,7,8,4,4,9,6,"D,W,W,D,W,D,W,D,D,L,D,L,W,L,W,L,D,L,L,L,L,D,D,L,D,D,W,W,L,D,D,D,W,D,D,W,W,D","W,D,D,D,D,L,W,W,D,L,L,L,D,W,D,D,W,W,W","D,W,W,W,D,L,L,L,L,L,D,D,D,W,L,D,D,D,D"
2006-2007,12,Middlesbrough,38,12,10,16,44,49,-5,46,19,19,31,24,13,25,10,3,6,2,7,10,"W,W,L,D,L,L,W,L,L,D,W,L,D,D,W,W,W,L,D,W,L,D,L,L,D,D,W,L,L,W,W,L,L,D,D,L,W,L","W,L,L,W,L,W,D,W,W,W,D,L,D,W,W,W,L,L,W","W,D,L,L,D,L,D,W,L,D,L,L,D,L,L,L,D,D,L"
2006-2007,13,Newcastle,38,11,10,17,38,47,-9,43,19,19,23,20,15,27,7,7,5,4,3,12,"D,L,L,D,L,D,W,L,L,D,L,W,L,W,D,W,D,L,L,W,W,L,W,W,W,D,D,L,D,L,L,L,D,L,W,L,L,W","L,D,D,L,D,W,W,D,D,W,W,W,W,L,D,L,D,L,W","D,L,L,W,L,L,L,W,L,L,L,W,D,D,L,L,L,W,L"
2006-2007,14,Man City,38,11,9,18,29,44,-15,42,19,19,10,16,19,28,5,6,8,6,3,10,"L,L,L,D,L,D,W,D,W,W,L,L,L,L,L,D,W,W,W,L,L,L,D,W,L,W,D,L,W,L,D,D,W,L,L,W,D,L","L,L,D,D,L,L,L,L,W,L,L,D,W,D,W,D,W,W,D","L,D,L,W,W,W,L,D,W,W,L,W,L,L,L,D,L,L,L"
2006-2007,15,West Ham,38,12,5,21,35,59,-24,41,19,19,24,26,11,33,8,2,9,4,3,12,"W,W,W,W,L,L,W,W,W,L,L,L,L,L,D,D,L,L,L,D,W,L,L,L,W,L,L,W,W,L,L,L,L,L,D,L,D,W","W,W,L,W,L,L,L,D,L,L,W,L,W,W,W,L,L,D,W","W,W,L,W,W,L,L,D,L,D,L,L,L,L,L,L,L,L,D"
2006-2007,16,Fulham,38,8,15,15,38,60,-22,39,19,19,18,18,20,42,7,7,5,1,8,10,"L,W,L,D,L,L,L,D,D,D,L,L,W,L,D,D,D,D,D,D,W,L,L,W,L,L,D,W,L,D,W,D,L,D,W,W,D,L","W,D,L,D,D,L,W,D,D,D,W,W,L,W,L,W,L,W,D","L,L,L,L,D,L,L,D,D,D,L,L,L,D,D,D,D,W,L"
2006-2007,17,Wigan,38,10,8,20,37,59,-22,38,19,19,18,30,19,29,5,4,10,5,4,10,"W,L,L,L,D,D,L,L,D,W,W,D,L,W,L,L,L,L,L,L,L,L,D,W,L,L,D,W,W,W,W,L,L,D,D,L,W,L","L,L,D,L,D,W,W,L,L,L,L,L,L,D,W,W,L,D,W","W,L,D,L,W,D,L,L,L,L,D,W,L,W,W,L,D,L,L"
2006-2007,18,Sheffield Utd,38,10,8,20,32,55,-23,38,19,19,24,21,8,34,7,6,6,3,2,14,"L,L,W,D,L,W,L,L,L,D,L,W,L,W,L,D,L,W,L,L,W,D,W,W,L,L,D,W,L,L,D,W,L,L,D,L,L,D","L,W,W,L,D,W,W,D,W,L,D,W,L,D,L,W,L,D,D","L,D,L,L,L,L,L,L,L,L,W,W,L,W,L,D,L,L,L"
2006-2007,19,Charlton,38,8,10,20,34,60,-26,34,19,19,19,20,15,40,7,5,7,1,5,13,"D,L,L,D,L,D,D,W,W,D,W,L,L,D,W,L,L,W,D,L,L,L,W,L,D,L,L,W,D,D,L,L,L,L,L,W,L,L","L,D,D,W,W,W,L,L,W,D,L,W,D,W,D,L,L,W,L","D,L,L,D,D,L,D,W,L,L,L,L,L,L,D,L,L,L,L"
2006-2007,20,Watford,38,5,13,20,29,59,-30,28,19,19,19,25,10,34,3,9,7,2,4,13,"D,W,L,D,L,W,L,L,L,D,L,D,W,L,L,W,L,L,D,L,L,L,D,D,L,L,L,W,D,D,L,D,D,D,L,L,D,L","D,D,W,L,D,L,D,L,W,L,L,D,L,W,D,D,D,L,D","W,L,L,L,L,W,L,L,D,L,L,D,L,L,D,L,D,L,L"
2007-2008,1,Man Utd,38,27,6,5,80,22,58,87,19,19,47,7,33,15,17,1,1,10,5,4,"W,W,L,D,W,D,W,W,W,W,W,W,L,D,W,W,W,W,L,W,W,W,W,W,L,W,D,W,W,W,W,W,W,W,W,L,D,D","W,W,W,W,W,L,W,W,W,W,W,W,W,W,W,W,W,W,D","W,L,D,D,W,W,W,D,W,L,W,W,L,D,W,W,W,L,D"
2007-2008,2,Chelsea,38,25,10,3,65,26,39,85,19,19,36,13,29,13,12,7,0,13,3,3,"D,W,W,W,D,W,W,W,D,W,W,W,D,D,W,W,W,W,W,D,W,L,W,W,W,D,W,W,W,W,D,L,D,L,W,D,W,W","D,W,D,W,W,W,D,W,W,W,D,W,W,D,W,D,D,W,W","W,W,W,D,W,W,D,W,W,W,L,W,W,W,W,L,L,D,W"
2007-2008,3,Arsenal,38,24,11,3,74,31,43,83,19,19,37,11,37,20,14,5,0,10,6,3,"W,W,W,W,L,D,W,L,D,D,D,D,W,W,W,W,D,W,W,D,W,W,L,D,W,W,W,D,D,W,W,W,W,W,W,W,D,W","W,W,D,D,D,W,W,D,W,W,W,W,D,W,W,W,W,W,W","W,W,L,W,L,D,D,W,W,W,D,L,D,W,W,D,W,W,D"
2007-2008,4,Liverpool,38,21,13,4,67,28,39,76,19,19,43,13,24,15,12,6,1,9,7,3,"W,W,D,W,W,D,W,L,W,W,W,W,W,D,W,L,D,D,D,D,W,W,L,L,W,W,W,D,D,W,D,W,D,D,W,W,D,W","W,W,W,W,W,W,W,W,D,D,W,L,W,W,D,D,D,W,D","W,D,W,D,L,W,D,L,D,D,W,L,W,D,W,W,D,W,W"
2007-2008,5,Everton,38,19,8,11,55,33,22,65,19,19,34,17,21,16,11,4,4,8,4,7,"W,L,D,L,D,W,L,D,L,W,W,W,W,D,D,W,W,W,L,W,L,W,W,D,W,D,W,W,L,L,W,L,L,W,D,L,W,W","W,D,L,W,D,W,W,D,W,L,W,W,W,W,L,W,L,D,W","L,D,L,L,W,W,D,W,W,L,W,D,D,W,L,L,W,L,W"
2007-2008,6,Aston Villa,38,16,12,10,71,51,20,60,19,19,34,22,37,29,10,3,6,6,9,4,"D,L,D,W,W,W,L,L,L,D,D,W,W,L,D,D,W,W,W,D,D,D,L,L,W,W,W,W,D,L,W,D,W,L,W,W,D,L","L,W,W,L,D,W,D,W,W,D,L,L,W,L,W,W,W,W,L","D,D,W,L,L,D,W,L,D,W,D,D,W,W,W,D,D,L,D"
2007-2008,7,Blackburn,38,15,13,10,50,48,2,58,19,19,26,19,24,29,8,7,4,7,6,6,"L,W,W,D,L,D,D,W,L,D,W,W,L,D,D,D,W,W,W,D,L,L,L,W,L,D,L,D,W,W,W,W,L,D,W,D,D,W","W,D,D,W,D,W,D,D,W,L,L,W,L,D,W,W,L,W,D","L,W,L,D,L,W,L,D,W,W,D,L,D,L,W,W,D,D,W"
2007-2008,8,Portsmouth,38,16,9,13,48,40,8,57,19,19,24,14,24,26,7,8,4,9,1,9,"L,L,L,L,D,W,W,L,W,W,L,W,W,D,L,W,L,W,L,D,L,L,W,D,W,D,W,D,W,W,W,W,D,L,L,W,D,D","L,L,D,W,W,W,W,D,W,L,D,L,D,D,D,W,D,W,D","L,L,W,L,L,W,L,L,W,L,W,W,W,W,W,W,L,L,D"
2007-2008,9,Man City,38,15,10,13,45,53,-8,55,19,19,28,20,17,33,11,4,4,4,6,9,"L,L,L,W,W,L,L,D,W,L,D,L,W,L,D,D,L,W,D,D,D,W,L,D,W,D,W,L,W,W,W,D,W,L,L,W,W,W","L,W,L,W,D,L,L,D,D,D,W,W,W,W,W,W,W,W,W","L,L,W,L,D,L,W,D,L,W,D,L,D,D,L,D,L,L,W"
2007-2008,10,West Ham,38,13,10,15,42,50,-8,49,19,19,24,24,18,26,7,7,5,6,3,10,"D,L,D,W,L,L,L,D,W,L,L,L,W,D,L,W,D,W,L,W,D,W,L,W,L,D,W,D,D,W,L,L,L,W,W,D,W,L","D,D,W,L,W,L,D,W,W,W,D,L,D,D,W,L,W,D,L","L,L,L,D,L,L,W,L,D,L,W,W,L,W,D,L,L,W,W"
2007-2008,11,Spurs,38,11,13,14,66,61,5,46,19,19,46,34,20,27,8,5,6,3,8,8,"L,W,D,D,D,D,L,W,D,L,W,L,W,D,D,W,L,L,W,W,L,W,W,L,D,W,D,L,L,D,D,D,L,D,L,W,L,L","L,D,D,L,W,D,W,D,W,W,W,W,L,W,L,D,L,W,L","W,D,D,L,L,W,D,L,L,L,W,D,D,L,D,D,D,L,L"
2007-2008,12,Newcastle,38,11,10,17,45,65,-20,43,19,19,25,26,20,39,8,5,6,3,5,11,"L,L,D,W,D,W,W,W,D,L,L,L,L,D,L,D,L,L,L,L,D,W,W,D,L,L,D,L,L,W,W,L,W,L,W,D,D,W","L,W,W,W,L,L,D,D,L,D,W,D,L,L,W,W,W,W,D","L,D,D,W,D,L,L,L,L,L,L,W,L,D,L,L,L,D,W"
2007-2008,13,Middlesbrough,38,10,12,16,43,53,-10,42,19,19,27,23,16,30,7,5,7,3,7,9,"W,W,L,L,D,D,L,W,D,D,L,L,W,D,W,D,D,L,W,L,L,W,W,D,L,D,D,L,L,L,L,D,L,W,D,W,L,L","W,W,L,D,W,L,W,W,D,L,L,W,L,D,L,D,W,D,L","L,D,L,D,D,L,D,D,W,L,W,D,D,L,L,L,L,W,L"
2007-2008,14,Wigan,38,10,10,18,34,51,-17,40,19,19,21,17,13,34,8,5,6,2,5,12,"L,W,D,D,D,W,L,L,W,D,D,W,L,W,L,L,W,D,L,W,D,W,L,D,L,L,L,L,L,L,L,L,D,L,D,W,W,L","L,D,D,W,W,D,W,W,L,L,W,W,D,L,L,L,D,W,W","W,D,L,L,D,L,L,W,D,D,L,L,L,L,L,L,L,D,L"
2007-2008,15,Sunderland,38,11,6,21,36,59,-23,39,19,19,23,21,13,38,9,3,7,2,3,14,"L,L,W,L,L,W,W,W,L,L,D,L,W,L,W,L,W,L,W,L,L,D,L,W,L,D,L,D,L,L,L,D,W,L,L,L,D,W","L,W,L,W,L,L,W,W,W,W,L,D,W,D,D,L,W,L,W","L,L,W,W,D,L,L,L,L,L,L,L,L,L,L,D,L,L,D"
2007-2008,16,Bolton,38,9,10,19,36,54,-18,37,19,19,23,18,13,36,7,5,7,2,5,12,"D,W,D,W,W,L,L,D,L,L,L,L,L,W,D,D,L,W,L,L,W,L,W,L,W,D,D,D,L,L,D,D,L,L,W,L,L,L","W,W,L,D,L,L,D,L,W,W,W,W,D,D,L,D,L,W,L","D,D,W,L,L,L,L,W,D,L,L,L,L,D,L,D,L,L,L"
2007-2008,17,Fulham,38,8,12,18,38,60,-22,36,19,19,22,31,16,29,5,5,9,3,7,9,"W,W,W,L,W,L,D,L,W,D,L,L,L,W,D,L,L,L,D,L,D,L,L,L,D,L,W,D,D,L,D,D,D,D,L,L,W,L","W,L,L,W,L,L,W,L,L,D,L,D,W,D,L,D,D,L,W","W,W,W,D,L,D,L,D,L,D,L,L,L,L,D,D,D,L,L"
2007-2008,18,Reading,38,10,6,22,41,66,-25,36,19,19,19,25,22,41,8,2,9,2,4,13,"W,L,D,L,L,L,D,W,L,W,W,L,L,L,L,L,L,L,L,D,W,D,W,D,L,L,L,W,L,W,L,W,L,L,L,W,L,D","L,L,D,W,W,L,L,L,L,W,W,D,L,W,W,W,L,W,L","W,D,L,L,L,W,L,L,L,L,D,D,L,L,L,L,L,L,D"
2007-2008,19,Birmingham,38,8,11,19,46,62,-16,35,19,19,30,23,16,39,6,8,5,2,3,14,"W,L,D,L,D,L,W,L,D,L,W,D,D,D,L,L,D,L,D,W,L,D,L,W,L,L,L,W,L,L,L,D,W,L,W,L,D,L","W,D,D,W,D,W,D,D,L,D,W,D,L,L,W,L,W,L,D","L,L,L,L,L,D,L,D,L,L,L,W,L,L,L,D,L,W,L"
2007-2008,20,Derby,38,1,8,29,20,89,-69,11,19,19,12,43,8,46,1,5,13,0,3,16,"L,L,L,L,L,L,D,L,L,L,D,L,L,D,D,L,L,L,L,L,D,L,L,L,L,L,L,L,D,L,D,L,W,L,L,L,L,D","L,L,L,D,L,D,L,D,L,L,L,L,L,L,L,D,W,L,D","L,L,L,L,L,L,D,L,L,D,L,L,L,D,L,L,L,L,L"
2008-2009,1,Man Utd,38,28,6,4,68,24,44,90,19,19,43,13,25,11,16,2,1,12,4,3,"W,D,W,W,W,W,W,W,W,L,L,W,W,W,W,W,W,W,W,W,W,W,D,W,W,D,W,L,W,W,D,W,W,W,D,L,W,D","D,W,W,W,W,L,W,W,W,W,W,W,W,W,W,W,W,W,D","W,W,W,W,L,W,W,W,W,W,D,W,D,L,D,W,D,L,W"
2008-2009,2,Liverpool,38,25,11,2,77,27,50,86,19,19,41,13,36,14,12,7,0,13,4,2,"W,W,W,W,W,D,W,W,W,W,W,L,D,W,W,D,D,D,W,W,D,D,W,D,D,W,W,L,W,W,W,W,W,D,W,D,W,W","W,W,D,W,W,W,D,W,D,W,D,D,D,W,W,W,D,W,W","W,W,W,W,W,L,W,D,D,W,D,W,W,L,W,W,W,D,W"
2008-2009,3,Chelsea,38,25,8,5,68,24,44,83,19,19,33,12,35,12,11,6,2,14,2,3,"W,W,W,W,W,D,W,W,L,W,W,W,W,D,L,W,W,L,D,W,D,D,W,L,D,W,W,W,W,L,W,W,W,D,W,D,W,W","W,W,D,W,W,W,D,W,W,W,D,L,D,W,L,W,D,D,W","W,W,W,W,L,W,W,L,L,D,D,W,W,W,W,W,W,W,W"
2008-2009,4,Arsenal,38,20,12,6,68,37,31,72,19,19,31,16,37,21,11,5,3,9,7,3,"W,D,L,W,W,D,W,W,W,W,W,D,D,D,D,D,W,W,W,D,D,D,W,W,L,L,W,L,D,W,W,D,L,W,W,W,L,W","W,L,W,W,W,D,D,D,W,W,D,W,L,W,D,W,L,W,W","D,W,D,W,W,W,D,D,W,D,D,W,L,L,W,D,W,W,L"
2008-2009,5,Everton,38,17,12,9,55,37,18,63,19,19,31,20,24,17,8,6,5,9,6,4,"W,W,D,W,L,D,D,W,L,W,D,W,D,W,L,D,D,W,W,W,D,W,L,W,L,D,W,W,W,D,L,D,L,D,W,L,W,L","W,D,L,W,W,W,W,D,W,W,D,L,D,W,D,D,L,L,L","W,W,D,D,L,D,D,L,D,W,W,W,L,W,W,L,D,W,W"
2008-2009,6,Aston Villa,38,17,11,10,54,48,6,62,19,19,27,21,27,27,7,9,3,10,2,7,"W,D,L,W,D,D,D,L,L,L,L,D,L,W,D,W,W,W,W,D,W,W,W,D,D,W,L,L,W,W,D,L,W,W,W,D,L,W","W,W,D,D,L,D,L,D,W,D,W,D,D,L,W,D,W,D,W","D,L,D,L,L,L,W,W,W,W,W,W,W,L,W,L,W,W,L"
2008-2009,7,Fulham,38,14,11,13,39,34,5,53,19,19,28,16,11,18,11,3,5,3,8,8,"L,W,W,L,W,D,W,L,W,W,L,L,D,W,L,D,W,L,L,D,D,W,D,D,D,D,W,W,L,W,D,D,L,L,L,W,W,L","L,W,W,L,W,L,L,W,W,D,W,D,W,W,W,D,L,W,W","W,L,D,W,W,D,L,D,L,L,D,D,D,D,L,D,L,L,L"
2008-2009,8,Spurs,38,14,9,15,45,45,0,51,19,19,21,10,24,35,10,5,4,4,4,11,"L,W,D,W,L,W,W,L,W,W,D,W,W,D,L,W,D,L,L,D,L,D,W,L,W,L,W,W,D,W,L,L,L,D,L,D,L,L","W,W,W,W,W,W,D,W,D,D,D,L,W,W,W,L,D,L,L","L,D,L,L,W,D,W,L,L,L,L,W,L,W,D,L,L,D,L"
2008-2009,9,West Ham,38,14,9,15,42,45,-3,51,19,19,23,22,19,23,9,2,8,5,7,7,"W,L,L,W,L,D,L,W,D,D,W,W,L,L,D,W,W,D,W,W,L,D,L,D,W,D,L,D,L,L,L,L,W,W,L,W,L,W","W,L,L,W,D,W,L,W,W,W,L,L,D,L,L,L,W,W,W","L,W,D,L,D,W,L,D,D,W,D,D,W,D,L,L,W,L,L"
2008-2009,10,Man City,38,15,5,18,58,50,8,50,19,19,40,18,18,32,13,0,6,2,5,12,"W,L,L,W,W,W,L,L,W,L,W,L,D,L,W,L,W,W,D,W,L,L,D,L,W,D,L,L,L,W,D,L,L,W,L,W,W,L","W,W,W,L,W,W,W,W,W,W,L,L,W,L,W,L,W,L,W","L,L,W,L,L,L,D,L,L,D,L,D,D,L,L,D,L,W,L"
2008-2009,11,Wigan,38,12,9,17,34,45,-11,45,19,19,17,18,17,27,8,5,6,4,4,11,"W,L,L,L,D,L,L,L,W,W,L,L,D,D,D,D,L,L,W,W,W,W,L,W,W,D,D,W,L,L,L,L,W,D,D,W,L,L","W,L,D,L,W,L,D,D,W,W,W,W,W,D,L,L,W,D,L","L,L,L,L,W,L,D,D,L,L,W,L,D,W,L,L,D,W,L"
2008-2009,12,Stoke,38,12,9,17,38,55,-17,45,19,19,22,15,16,40,10,5,4,2,4,13,"L,W,W,L,L,W,D,W,W,L,W,D,D,L,W,L,L,D,L,L,L,D,D,D,W,L,D,W,W,L,W,L,L,D,L,L,W,L","W,L,W,D,W,W,D,W,D,L,D,D,W,W,W,W,L,L,W","L,W,L,W,L,D,L,L,L,L,L,D,L,D,L,L,D,L,L"
2008-2009,13,Bolton,38,11,8,19,41,53,-12,41,19,19,21,21,20,32,7,5,7,4,3,12,"L,D,D,D,D,L,L,W,D,L,L,W,W,L,W,D,L,L,L,L,W,L,L,W,W,L,W,W,L,L,D,W,L,L,L,D,L,W","D,D,D,W,L,W,W,W,L,L,W,L,L,W,L,D,L,D,W","L,D,L,L,D,L,L,D,L,L,L,W,W,W,L,W,L,L,L"
2008-2009,14,Portsmouth,38,10,11,17,38,57,-19,41,19,19,26,29,12,28,8,3,8,2,8,9,"L,W,L,L,D,L,W,D,D,W,D,L,D,W,L,L,L,D,L,L,L,L,D,W,D,D,W,L,L,D,D,W,W,L,W,W,L,L","W,L,W,D,W,L,W,L,L,L,L,W,D,L,D,W,W,W,L","L,L,D,L,D,D,D,L,D,L,L,D,D,W,L,D,L,W,L"
2008-2009,15,Blackburn,38,10,11,17,40,60,-20,41,19,19,22,23,18,37,6,7,6,4,4,11,"D,L,W,L,W,L,L,W,D,L,W,D,W,L,L,D,D,W,D,D,W,L,L,L,L,L,L,D,L,D,D,L,W,W,L,L,D,W","D,W,W,W,D,D,L,D,W,D,W,L,L,L,D,L,W,L,D","L,L,L,L,L,W,W,L,D,D,L,L,L,D,L,D,W,L,W"
2008-2009,16,Sunderland,38,9,9,20,34,54,-20,36,19,19,21,25,13,29,6,3,10,3,6,10,"L,L,D,L,L,W,L,L,L,L,D,L,D,W,D,W,L,D,L,D,W,W,L,L,L,W,L,L,L,W,D,D,L,W,D,L,W,L","L,L,W,L,L,D,W,W,L,D,W,L,L,L,W,D,W,L,L","L,D,L,L,L,L,D,D,D,L,W,L,W,L,L,D,L,D,W"
2008-2009,17,Hull,38,8,11,19,39,64,-25,35,19,19,18,36,21,28,3,5,11,5,6,8,"L,D,L,L,L,L,L,D,L,D,W,L,L,D,D,L,L,L,L,L,L,D,W,D,D,D,L,L,L,W,W,W,W,D,W,L,D,W","L,L,L,D,D,L,L,D,L,L,L,W,D,L,L,W,D,L,W","D,L,L,L,L,W,D,L,L,L,D,D,D,L,W,W,W,W,D"
2008-2009,18,Newcastle,38,7,13,18,40,59,-19,34,19,19,24,29,16,30,5,7,7,2,6,11,"L,L,W,L,D,L,D,L,L,D,L,L,D,W,D,L,L,D,L,L,W,W,D,D,D,D,L,W,W,L,D,D,L,L,L,L,W,D","L,W,D,L,L,L,D,D,D,L,W,D,D,W,W,D,L,L,W","L,L,L,D,D,L,W,L,L,L,W,D,D,L,L,D,L,L,D"
2008-2009,19,Middlesbrough,38,7,11,20,28,57,-29,32,19,19,17,20,11,37,5,9,5,2,2,15,"L,D,L,L,L,D,W,L,L,D,L,W,D,L,D,L,L,D,L,L,L,D,L,D,L,D,W,D,W,D,L,W,L,L,L,W,L,W","D,L,D,W,D,W,D,D,D,L,D,D,L,D,W,L,L,W,W","L,L,L,L,L,L,L,L,L,L,L,L,D,W,D,W,L,L,L"
2008-2009,20,West Brom,38,8,8,22,36,67,-31,32,19,19,26,33,10,34,7,3,9,1,5,13,"D,L,W,L,W,L,D,L,D,D,L,L,L,L,D,L,W,L,W,L,W,L,D,L,L,L,L,D,L,L,L,W,W,L,W,D,L,L","L,W,W,L,D,L,L,L,W,W,W,D,L,D,L,W,L,W,L","D,L,L,D,D,L,L,D,L,L,L,L,L,L,L,L,W,D,L"
2009-2010,1,Chelsea,38,27,5,6,103,32,71,86,19,19,68,14,35,18,17,1,1,10,4,5,"W,W,W,L,W,W,W,W,D,W,L,W,L,W,D,W,W,W,W,D,D,W,D,L,W,W,W,W,W,L,W,L,W,W,W,W,W,W","W,W,W,W,W,L,W,W,W,W,W,D,W,W,W,W,W,W,W","W,L,W,W,D,W,L,D,W,D,D,L,W,W,L,L,W,W,W"
2009-2010,2,Man Utd,38,27,4,7,86,28,58,85,19,19,52,12,34,16,16,1,2,11,3,5,"W,W,W,W,D,L,W,W,W,W,W,L,D,W,W,W,W,D,W,W,L,W,L,W,W,W,L,W,L,W,D,W,W,W,W,W,L,W","W,W,L,W,W,W,W,W,W,W,W,L,W,W,W,D,W,W,W","W,W,D,W,W,L,D,W,D,W,L,W,W,L,L,W,W,W,L"
2009-2010,3,Arsenal,38,23,6,9,83,41,42,75,19,19,48,15,35,26,15,2,2,8,4,7,"W,L,D,L,L,W,D,W,W,W,W,W,W,L,L,D,W,W,D,W,W,W,D,W,W,L,L,W,W,D,W,W,W,W,L,L,W,W","W,D,W,W,W,W,W,L,W,D,W,W,W,L,W,W,W,W,W","L,L,L,D,W,W,L,D,W,W,D,W,L,W,D,W,L,L,W"
2009-2010,4,Spurs,38,21,7,10,67,41,26,70,19,19,40,12,27,29,14,2,3,7,5,7,"L,W,W,L,W,W,L,W,W,W,W,W,L,D,D,W,L,D,W,D,W,W,L,D,D,W,W,L,L,W,D,W,L,L,W,W,W,W","W,W,W,W,W,W,D,W,D,W,W,L,W,W,L,W,L,W,W","L,W,L,L,W,W,L,D,L,D,W,D,D,L,W,D,L,W,W"
2009-2010,5,Man City,38,18,13,7,73,45,28,67,19,19,41,20,32,25,12,4,3,6,9,4,"D,L,W,D,L,W,W,W,L,W,D,W,D,D,W,L,W,L,W,W,W,W,L,D,W,D,D,D,D,D,D,D,W,L,W,W,W,W","L,W,L,W,W,L,D,W,W,W,W,W,W,D,D,D,W,W,W","D,D,W,W,D,W,D,L,L,W,L,D,D,D,D,D,L,W,W"
2009-2010,6,Aston Villa,38,17,13,8,52,39,13,64,19,19,29,16,23,23,8,8,3,9,5,5,"L,L,W,W,W,D,W,L,D,D,W,D,W,D,D,W,D,D,L,L,W,W,W,W,D,D,W,L,D,D,W,D,L,W,W,W,W,L","L,W,D,D,D,W,D,D,D,L,W,W,D,W,W,D,W,W,L","L,W,W,W,L,W,D,D,W,L,W,W,D,L,D,D,L,W,W"
2009-2010,7,Liverpool,38,18,9,11,61,35,26,63,19,19,43,15,18,20,13,3,3,5,6,8,"D,L,W,W,D,D,W,L,W,L,W,D,L,W,W,D,W,D,W,W,L,W,L,D,W,D,D,L,W,L,L,W,W,W,W,L,W,L","L,W,D,W,W,W,W,W,W,W,W,L,D,D,W,W,W,L,W","D,W,D,L,L,D,L,D,D,W,L,D,W,L,L,L,W,W,L"
2009-2010,8,Everton,38,16,13,9,60,49,11,61,19,19,35,21,25,28,11,6,2,5,7,7,"W,D,W,W,D,D,D,W,W,D,W,L,W,W,L,W,W,W,D,W,D,D,D,D,L,L,L,W,D,L,D,D,W,W,L,W,L,L","W,W,D,W,W,W,W,W,W,W,D,D,L,D,D,D,W,W,L","D,W,D,D,W,D,L,L,W,D,D,D,L,L,W,L,W,L,L"
2009-2010,9,Birmingham,38,13,11,14,38,47,-9,50,19,19,19,13,19,34,8,9,2,5,2,12,"L,W,L,D,L,D,D,L,L,D,W,W,L,L,W,D,L,D,W,D,D,W,W,W,W,W,D,D,W,L,L,L,W,L,L,D,W,L","W,D,D,D,D,W,W,D,D,D,W,W,W,D,W,L,L,D,W","L,L,L,L,L,W,L,L,L,W,D,W,W,D,L,L,W,L,L"
2009-2010,10,Blackburn,38,13,11,14,41,55,-14,50,19,19,28,18,13,37,10,6,3,3,5,11,"W,W,D,L,D,D,W,W,D,L,L,W,W,L,D,W,W,L,D,D,L,L,D,D,D,L,W,W,L,L,W,L,W,L,W,D,L,L","W,L,D,W,D,W,W,W,W,D,L,D,D,W,W,W,W,D,L","W,D,D,W,L,L,L,D,L,D,L,D,L,W,L,L,L,L,L"
2009-2010,11,Stoke,38,11,14,13,34,48,-14,47,19,19,24,21,10,27,7,6,6,4,8,7,"L,W,D,L,L,D,W,W,L,D,D,L,W,D,D,W,D,D,W,L,L,L,D,L,D,W,L,D,W,W,D,L,D,L,W,D,L,W","D,L,W,L,D,L,D,W,D,W,L,D,W,D,W,L,L,W,W","L,W,L,D,W,D,W,D,D,L,L,L,D,L,W,D,D,D,L"
2009-2010,12,Fulham,38,12,10,16,39,46,-7,46,19,19,27,15,12,31,11,3,5,1,7,11,"L,L,W,L,D,D,W,L,L,L,D,W,W,D,W,L,L,L,L,L,D,W,D,W,D,W,L,D,W,D,W,D,L,L,W,L,L,W","L,W,D,W,L,W,W,W,L,D,W,W,D,W,W,W,L,W,L","L,L,D,L,L,D,D,L,L,L,L,D,L,D,D,D,L,L,W"
2009-2010,13,Sunderland,38,11,11,16,48,56,-8,44,19,19,32,19,16,37,9,7,3,2,4,13,"L,L,W,W,L,W,L,D,W,D,W,D,L,D,D,D,L,L,D,D,L,L,D,L,L,W,L,D,L,W,D,W,L,W,L,W,L,W","L,W,W,W,D,W,D,D,D,D,L,D,W,D,W,W,W,W,L","L,W,L,L,D,L,D,L,L,D,L,L,L,L,L,D,L,L,W"
2009-2010,14,Bolton,38,10,9,19,42,67,-25,39,19,19,26,31,16,36,6,6,7,4,3,12,"W,L,D,W,L,L,L,L,W,L,W,W,L,D,L,D,L,W,L,L,D,D,W,D,L,D,L,L,L,W,L,D,W,D,W,L,L,L","W,D,L,L,W,W,D,W,L,D,W,D,L,L,W,D,D,L,L","L,W,L,L,L,W,L,D,L,L,L,D,L,D,L,L,W,W,L"
2009-2010,15,Wolves,38,9,11,18,32,56,-24,38,19,19,13,22,19,34,5,6,8,4,5,10,"W,L,D,D,D,L,D,W,D,W,L,L,L,W,L,D,D,L,L,L,W,L,W,W,L,L,L,D,D,D,L,L,W,L,D,L,W,L","W,D,D,D,L,L,W,D,L,L,W,W,L,L,D,L,W,D,L","L,D,L,W,D,W,L,L,D,L,L,W,L,D,D,L,L,L,W"
2009-2010,16,Wigan,38,9,9,20,37,79,-42,36,19,19,19,24,18,55,6,7,6,3,2,14,"L,D,L,W,D,L,L,W,L,L,W,L,L,D,D,D,L,L,W,L,D,L,D,L,W,L,D,L,W,D,L,W,L,W,L,L,L,W","D,W,D,W,L,W,L,D,D,L,D,L,W,D,D,W,W,L,L","L,L,L,L,L,L,D,L,W,L,L,D,L,L,W,L,L,L,W"
2009-2010,17,West Ham,38,8,11,19,47,66,-19,35,19,19,30,29,17,37,7,5,7,1,6,12,"D,L,W,L,W,D,L,L,L,L,L,L,W,W,L,D,D,D,L,W,D,L,L,L,W,D,L,W,D,D,L,D,L,L,L,D,L,W","D,W,W,L,L,L,W,W,D,W,D,L,W,L,W,D,D,L,L","L,L,D,L,L,L,L,D,D,L,L,L,D,D,L,L,L,D,W"
2009-2010,18,Burnley,38,8,6,24,42,82,-40,30,19,19,25,30,17,52,7,5,7,1,1,17,"W,L,L,L,W,L,L,L,L,D,L,L,L,L,W,L,L,L,L,D,L,D,D,L,L,D,D,W,L,L,W,L,W,L,L,W,W,L","W,L,L,L,L,D,L,W,L,D,D,D,D,W,L,W,W,W,W","L,L,W,L,L,L,L,L,L,L,L,L,L,D,L,L,L,L,L"
2009-2010,19,Hull,38,6,12,20,34,75,-41,30,19,19,22,29,12,46,6,6,7,0,6,13,"D,D,L,L,D,L,L,W,L,L,L,L,L,W,D,D,L,D,D,L,L,D,L,D,W,D,W,L,D,L,W,L,L,L,D,W,L,L","D,L,L,L,W,L,W,D,D,L,D,W,D,W,D,W,L,W,L","D,D,L,L,L,L,L,L,D,D,L,L,D,L,L,L,L,D,L"
2009-2010,20,Portsmouth,38,7,7,24,34,66,-32,28,19,19,24,32,10,34,5,3,11,2,4,13,"L,W,D,L,D,D,L,L,W,L,L,W,L,D,L,L,L,D,L,L,W,L,D,W,L,L,L,W,D,L,W,L,L,L,L,L,L,L","W,L,D,L,W,L,L,D,D,L,W,W,L,W,L,L,L,L,L","L,D,D,L,L,W,L,L,L,L,L,D,L,L,D,W,L,L,L"
2010-2011,1,Man Utd,38,23,11,4,78,37,41,80,19,19,49,12,29,25,18,1,0,5,10,4,"W,D,W,L,W,D,W,W,W,L,L,W,W,L,W,W,W,D,W,W,D,W,W,W,W,D,D,W,W,W,D,D,D,W,D,W,D,W","W,W,W,W,W,W,W,W,W,W,W,W,W,W,W,D,W,W,W","D,L,D,W,L,L,W,L,W,D,W,D,D,D,W,D,D,D,D"
2010-2011,2,Chelsea,38,21,8,9,69,33,36,71,19,19,39,13,30,20,14,3,2,7,5,7,"L,D,L,W,W,W,W,W,D,W,W,W,D,L,W,W,W,L,D,W,L,D,D,D,L,L,W,L,W,W,D,W,L,W,W,W,W,W","D,W,W,W,W,W,W,L,W,D,W,D,L,W,W,W,W,W,W","L,L,W,D,W,D,W,W,L,L,D,D,L,L,W,D,L,W,W"
2010-2011,3,Man City,38,21,8,9,60,33,27,71,19,19,34,12,26,21,13,4,2,8,4,7,"W,W,W,L,W,W,L,W,L,W,D,L,W,D,L,W,D,W,W,W,L,W,W,D,W,D,D,W,L,L,W,W,W,W,D,L,W,D","W,W,W,W,W,D,W,W,W,W,L,W,D,D,L,W,W,D,W","W,L,W,L,L,L,D,L,D,W,W,D,W,W,L,W,W,L,D"
2010-2011,4,Arsenal,38,19,11,8,72,43,29,68,19,19,33,15,39,28,11,4,4,8,7,4,"D,L,L,W,L,D,D,W,D,D,D,W,W,D,W,W,W,D,W,D,W,L,W,W,L,W,W,L,W,W,W,L,L,D,W,W,W,D","L,W,D,D,D,W,W,W,W,D,W,W,L,L,W,W,L,W,W","D,L,L,D,W,D,D,W,W,D,L,W,W,W,W,L,D,W,D"
2010-2011,5,Spurs,38,16,14,8,55,46,9,62,19,19,30,19,25,27,9,9,1,7,5,7,"W,W,L,D,L,D,D,W,D,D,D,L,W,W,W,D,D,L,W,W,W,D,D,W,W,W,D,L,L,D,W,W,L,W,D,L,W,D","W,D,D,D,W,D,W,D,W,W,D,W,W,D,D,W,W,L,D","W,L,L,D,D,L,W,W,D,L,W,D,W,L,L,W,L,D,W"
2010-2011,6,Liverpool,38,17,7,14,59,44,15,58,19,19,37,14,22,30,12,4,3,5,3,11,"L,L,W,W,W,D,W,L,W,W,L,D,W,W,W,W,D,L,L,W,L,L,W,L,W,L,D,W,W,W,L,L,D,L,D,W,L,D","L,W,W,W,W,D,W,W,D,W,L,W,W,W,W,L,D,W,D","L,W,D,L,W,L,W,W,L,L,L,L,L,D,W,L,L,D,L"
2010-2011,7,Everton,38,13,15,10,51,45,6,54,19,19,31,23,20,22,9,7,3,4,8,7,"W,L,W,D,L,W,W,D,W,D,W,W,L,W,L,D,D,W,L,D,W,D,D,L,D,L,D,D,W,D,W,W,D,L,D,L,D,L","W,W,W,D,W,D,W,W,D,W,D,L,L,D,W,W,L,D,D","L,D,L,W,W,L,L,D,L,D,W,D,D,D,D,W,D,L,L"
2010-2011,8,Fulham,38,11,16,11,49,43,6,49,19,19,30,23,19,20,8,7,4,3,9,7,"D,W,L,W,W,D,L,W,L,W,D,D,D,W,L,W,D,W,L,W,L,D,L,D,L,D,L,D,W,L,L,D,D,D,W,D,D,D","D,L,W,W,W,D,W,W,W,L,D,D,L,D,W,L,D,W,D","W,W,D,L,L,D,D,L,D,L,W,L,D,L,L,D,D,D,D"
2010-2011,9,Aston Villa,38,12,12,14,48,59,-11,48,19,19,26,19,22,40,8,7,4,4,5,10,"W,W,D,L,D,W,W,D,L,L,W,D,D,L,W,W,D,L,D,L,L,W,L,L,L,D,W,D,D,L,D,L,W,D,L,W,L,W","W,D,D,W,L,W,D,W,L,L,W,L,D,W,D,D,D,W,W","W,L,W,D,L,D,L,W,D,D,L,L,L,D,L,L,W,L,L"
2010-2011,10,Sunderland,38,12,11,15,45,56,-11,47,19,19,25,27,20,29,7,5,7,5,6,8,"W,L,W,L,W,L,L,L,L,D,L,L,L,L,W,D,W,W,L,L,W,D,W,L,D,W,D,W,L,W,D,D,D,D,D,W,L,D","L,L,W,L,L,L,L,D,W,L,W,W,D,W,W,D,D,W,D","W,W,L,L,D,L,L,W,W,L,D,L,W,D,L,D,D,D,L"
2010-2011,11,West Brom,38,12,11,15,56,71,-15,47,19,19,30,30,26,41,8,6,5,4,5,10,"D,W,L,W,D,L,W,W,D,W,D,D,D,L,D,L,W,L,L,L,L,L,W,W,L,L,D,L,L,W,D,D,W,W,D,L,W,L","W,W,L,W,D,D,D,D,W,L,L,W,L,L,W,D,W,D,W","D,L,D,W,W,D,L,L,L,L,L,W,L,D,L,D,W,L,L"
2010-2011,12,Newcastle,38,11,13,14,56,57,-1,46,19,19,41,27,15,30,6,8,5,5,5,9,"D,D,W,L,D,D,L,W,L,L,D,W,D,D,L,D,D,W,W,L,L,W,L,D,L,D,L,W,W,W,D,L,L,W,L,D,W,L","D,W,D,W,L,D,D,D,W,L,W,D,D,L,W,D,L,L,W","D,L,D,L,L,W,D,L,D,W,L,L,L,W,W,L,W,D,L"
2010-2011,13,Stoke,38,13,7,18,46,48,-2,46,19,19,31,18,15,30,10,4,5,3,3,13,"L,L,W,D,W,D,L,D,W,L,D,L,L,W,L,L,W,L,W,L,W,L,D,D,W,W,W,L,L,L,L,W,W,D,W,L,L,L","L,W,W,D,W,D,W,W,W,L,L,D,W,W,L,W,D,W,L","L,D,D,L,L,L,L,L,L,L,W,D,W,L,L,L,W,L,L"
2010-2011,14,Bolton,38,12,10,16,52,56,-4,46,19,19,34,24,18,32,10,5,4,2,5,12,"L,L,L,L,L,W,W,L,L,W,D,W,L,W,L,L,D,L,L,W,L,W,L,D,W,W,D,W,L,D,W,D,D,D,L,D,W,D","L,L,W,W,W,W,W,L,D,W,W,D,W,W,L,W,D,D,D","L,L,L,L,L,D,L,L,L,L,L,L,W,D,D,D,D,L,W"
2010-2011,15,Blackburn,38,11,10,17,46,59,-13,43,19,19,22,16,24,43,7,7,5,4,3,12,"W,D,D,W,L,L,D,D,D,L,L,D,L,L,W,L,W,L,W,L,D,L,W,L,W,L,W,W,L,L,D,L,W,D,D,L,L,W","D,W,L,D,D,D,L,W,W,L,D,W,W,W,L,D,D,L,W","W,D,L,D,L,L,L,L,L,W,L,L,L,W,L,L,W,D,L"
2010-2011,16,Wigan,38,9,15,14,40,61,-21,42,19,19,22,34,18,27,5,8,6,4,7,8,"W,W,D,D,L,W,L,D,W,L,L,D,W,D,L,L,D,D,L,D,W,D,D,L,L,W,D,L,L,D,D,W,D,L,D,W,L,L","W,D,D,W,L,W,L,D,L,D,D,W,D,D,W,L,D,L,L","W,D,L,W,L,L,D,D,L,D,W,D,L,L,L,L,D,D,W"
2010-2011,17,Wolves,38,11,7,20,46,66,-20,40,19,19,30,30,16,36,8,4,7,3,3,13,"L,W,W,D,L,D,L,L,W,D,W,D,L,W,L,L,L,W,L,W,L,W,L,W,L,L,L,L,W,L,D,L,L,L,L,D,D,W","L,W,D,L,D,W,W,L,W,L,W,W,L,L,W,D,L,D,W","W,D,L,L,W,D,L,L,L,L,W,L,L,L,L,L,L,L,D"
2010-2011,18,Birmingham,38,8,15,15,37,58,-21,39,19,19,19,22,18,36,6,8,5,2,7,10,"L,L,L,D,L,L,W,D,W,L,D,L,L,W,W,D,L,D,W,L,D,L,D,D,W,D,L,D,D,W,L,L,D,L,D,D,W,D","L,D,W,W,L,L,W,D,D,L,D,D,W,D,W,L,D,D,W","L,L,L,L,D,L,D,W,L,W,L,D,D,L,D,L,L,D,D"
2010-2011,19,Blackpool,38,10,9,19,55,78,-23,39,19,19,30,37,25,41,5,5,9,5,4,10,"L,W,D,D,D,L,L,L,D,L,L,W,D,L,L,L,L,L,W,L,L,W,W,D,W,D,L,D,W,L,L,W,L,L,W,D,L,W","W,D,D,L,L,L,W,D,L,L,L,W,L,W,D,W,L,L,D","L,D,L,D,L,L,L,L,W,W,D,D,L,L,W,L,W,L,W"
2010-2011,20,West Ham,38,7,12,19,43,70,-27,33,19,19,24,31,19,39,5,5,9,2,7,10,"L,L,D,L,L,L,L,L,D,W,W,D,L,W,D,L,L,W,D,W,D,L,L,W,L,D,D,D,L,L,D,D,W,D,L,L,L,L","L,D,L,L,W,W,L,L,W,D,L,W,D,D,L,D,W,L,L","L,L,L,L,D,D,W,D,L,W,D,L,L,D,L,D,D,L,L"
2011-2012,1,Man City,38,28,5,5,93,29,64,89,19,19,55,12,38,17,18,1,0,10,4,5,"W,W,W,W,W,W,L,D,D,W,L,W,W,W,W,L,W,W,W,L,D,W,W,L,W,D,W,W,W,W,W,W,W,D,W,W,W,W","W,W,W,D,W,W,W,W,W,W,W,W,W,W,W,W,W,W,W","W,W,W,L,D,L,W,L,W,L,D,L,D,W,W,W,D,W,W"
2011-2012,2,Man Utd,38,28,5,5,89,33,56,89,19,19,52,19,37,14,15,2,2,13,3,3,"W,W,L,D,W,L,W,W,W,W,W,W,W,W,D,W,W,W,L,L,W,W,W,W,W,D,W,W,W,L,D,W,D,W,W,W,W,W","W,D,W,W,W,W,W,W,W,L,W,W,D,W,L,W,W,W,W","W,L,L,W,W,W,W,D,W,L,W,W,W,W,W,D,D,W,W"
2011-2012,3,Arsenal,38,21,7,10,74,49,25,70,19,19,39,17,35,32,12,4,3,9,3,7,"W,D,D,D,L,W,W,L,W,W,W,W,W,W,W,D,L,L,L,W,D,W,L,W,W,D,W,W,W,W,W,L,W,L,W,L,L,D","D,D,L,W,W,W,W,W,L,W,D,W,D,W,W,W,W,W,L","W,D,W,L,W,W,W,D,L,L,W,L,W,W,W,L,L,L,D"
2011-2012,4,Spurs,38,20,9,9,66,41,25,69,19,19,39,17,27,24,13,3,3,7,6,6,"W,D,W,W,L,L,D,W,D,D,L,L,L,W,D,W,L,D,W,W,D,W,D,W,L,W,W,W,W,W,W,D,W,W,W,W,L,L","W,W,L,W,D,L,W,W,D,W,W,D,W,W,W,W,W,W,L","D,W,L,D,D,L,L,D,L,D,W,L,W,W,W,D,W,W,L"
2011-2012,5,Newcastle,38,19,8,11,56,51,5,65,19,19,29,17,27,34,11,5,3,8,3,8,"L,L,W,L,W,W,W,W,W,W,L,D,D,L,W,W,L,W,W,L,W,L,D,L,L,D,L,W,W,W,D,W,W,D,D,W,W,D","L,W,W,W,W,D,D,W,W,W,L,D,L,W,W,D,W,W,D","L,W,L,W,W,L,L,W,L,L,W,L,D,L,W,W,D,D,W"
2011-2012,6,Chelsea,38,18,10,10,65,46,19,64,19,19,41,24,24,22,12,3,4,6,7,6,"W,L,L,W,D,D,W,W,D,L,W,L,W,L,D,D,D,W,W,L,D,D,D,W,W,W,L,W,L,L,W,W,W,L,W,W,W,D","W,L,W,W,D,W,W,D,W,L,D,W,W,L,L,W,W,W,W","L,D,D,W,L,L,L,D,D,W,D,D,W,W,L,W,L,W,D"
2011-2012,7,Everton,38,15,11,12,50,40,10,56,19,19,28,15,22,25,10,3,6,5,8,6,"W,D,D,W,D,W,D,W,W,L,L,W,D,W,D,W,D,D,L,L,W,D,W,D,L,L,W,W,L,L,W,L,L,L,W,D,W,L","W,W,W,W,L,W,W,W,D,L,W,D,L,W,L,L,W,D,L","D,D,D,D,W,L,D,D,D,L,W,D,L,W,L,W,L,L,W"
2011-2012,8,Liverpool,38,14,10,14,47,40,7,52,19,19,24,16,23,24,6,9,4,8,1,10,"L,W,L,W,L,W,D,L,L,L,W,L,L,L,D,W,L,D,L,W,D,D,W,W,L,D,W,D,W,D,D,W,W,L,L,W,W,D","W,L,L,D,L,W,L,D,D,W,D,W,D,D,D,D,W,W,D","L,W,W,L,L,L,L,W,L,L,D,W,L,W,W,W,L,L,W"
2011-2012,9,Fulham,38,14,10,14,48,51,-3,52,19,19,36,26,12,25,10,5,4,4,5,10,"L,W,W,L,W,D,W,W,L,L,L,W,W,W,L,D,W,L,W,D,D,L,W,L,W,D,D,L,W,L,L,W,D,D,D,L,L,D","W,W,D,W,L,W,W,D,W,W,L,W,W,L,L,W,D,D,D","L,W,L,W,L,L,W,L,L,D,D,L,D,D,W,L,D,L,L"
2011-2012,10,West Brom,38,13,8,17,45,52,-7,47,19,19,21,22,24,30,6,3,10,7,5,7,"L,D,D,W,W,L,W,L,L,D,L,W,W,W,L,D,W,L,L,L,D,W,W,L,D,L,W,L,L,W,W,D,D,L,W,L,L,L","L,D,W,W,L,W,W,L,L,L,D,L,L,W,L,W,D,L,L","D,W,L,L,D,L,W,D,W,L,W,W,D,L,W,D,L,W,L"
2011-2012,11,Swansea,38,12,11,15,44,51,-7,47,19,19,27,18,17,33,8,7,4,4,4,11,"W,L,D,D,W,L,L,L,L,W,W,W,L,L,W,D,L,W,W,D,D,L,D,W,L,D,L,D,W,D,L,W,L,W,L,D,D,L","W,D,W,L,L,W,L,D,W,D,D,W,D,L,W,W,W,D,D","L,D,L,L,W,W,L,W,L,W,L,D,L,D,D,L,L,L,L"
2011-2012,12,Norwich,38,12,11,15,52,66,-14,47,19,19,28,30,24,36,7,6,6,5,5,9,"W,D,L,L,L,W,D,L,W,L,D,L,L,W,W,L,D,W,W,D,L,D,D,W,L,W,L,L,D,D,W,L,W,W,L,L,D,D","W,L,L,D,W,D,L,W,D,D,L,W,W,L,D,W,W,L,D","D,L,W,L,L,L,W,L,W,W,D,D,L,L,D,L,W,L,D"
2011-2012,13,Sunderland,38,11,12,15,45,46,-1,45,19,19,26,17,19,29,7,7,5,4,5,10,"L,L,D,D,D,L,D,D,W,L,W,D,L,L,W,W,W,L,W,W,D,W,L,W,L,L,D,L,D,W,L,D,L,W,L,D,L,D","L,D,D,D,W,W,L,W,W,W,D,W,L,D,D,D,W,L,L","L,D,L,D,L,D,L,W,L,W,W,L,L,L,W,L,L,D,D"
2011-2012,14,Stoke,38,11,12,15,36,53,-17,45,19,19,25,20,11,33,7,8,4,4,4,11,"D,L,D,D,L,D,W,L,D,D,L,W,W,L,L,L,L,D,W,D,D,L,W,W,W,W,L,L,L,L,W,L,D,L,W,W,D,D","D,D,D,W,D,W,W,L,L,D,D,W,W,L,L,W,D,W,D","L,L,D,L,D,L,L,L,D,W,L,W,W,L,L,L,L,W,D"
2011-2012,15,Wigan,38,11,10,17,42,62,-20,43,19,19,22,27,20,35,5,7,7,6,3,10,"W,W,W,L,W,W,L,W,W,D,D,L,D,W,D,L,L,L,L,D,L,D,D,W,L,W,D,L,L,L,L,L,L,L,L,W,D,D","W,W,W,W,D,L,D,D,L,L,D,D,L,D,L,L,L,W,D","W,L,W,L,W,D,W,L,L,D,L,W,W,L,L,L,L,L,D"
2011-2012,16,Aston Villa,38,7,17,14,37,53,-16,38,19,19,20,25,17,28,4,7,8,3,10,6,"L,D,D,L,D,L,D,D,L,L,W,D,D,L,L,D,W,D,L,W,D,L,L,W,L,D,L,W,D,L,L,W,D,D,D,D,W,D","D,L,D,D,L,W,L,D,D,L,L,L,L,W,L,W,D,D,W","L,D,L,D,L,D,D,L,W,W,D,W,D,L,D,L,D,D,D"
2011-2012,17,QPR,38,10,7,21,43,66,-23,37,19,19,24,25,19,41,7,5,7,3,2,14,"L,W,L,W,L,W,L,W,L,W,L,D,L,L,L,D,W,L,L,L,D,L,L,L,D,L,W,L,L,W,D,L,D,W,D,L,W,L","W,W,W,W,W,D,L,L,W,L,L,L,D,L,W,D,D,D,L","L,L,L,L,L,L,L,D,L,L,D,L,L,W,L,L,W,L,W"
2011-2012,18,Bolton,38,10,6,22,46,77,-31,36,19,19,23,39,23,38,4,4,11,6,2,11,"D,D,L,D,W,D,L,L,W,W,W,L,L,L,L,D,W,L,W,D,L,W,L,L,L,L,L,W,L,L,W,L,L,L,L,L,L,W","D,L,D,L,W,W,L,D,W,D,L,L,L,W,L,L,L,L,L","D,D,W,L,W,L,L,L,L,W,W,L,L,L,L,W,L,L,W"
2011-2012,19,Blackburn,38,8,7,23,48,78,-30,31,19,19,26,33,22,45,6,1,12,2,6,11,"L,L,L,W,L,L,L,L,L,W,W,D,L,W,L,L,D,W,L,W,D,L,L,L,W,L,D,L,D,L,D,L,L,W,D,L,L,L","L,W,L,L,W,D,W,L,W,L,L,L,W,L,L,L,W,L,L","L,L,L,L,L,W,L,L,D,W,D,L,L,D,D,D,L,D,L"
2011-2012,20,Wolves,38,5,10,23,40,82,-42,25,19,19,19,43,21,39,3,3,13,2,7,10,"L,D,D,L,D,L,L,L,L,L,L,L,D,L,W,L,L,D,L,D,D,D,L,L,W,L,L,W,L,D,L,L,L,L,L,D,W,W","D,L,L,L,L,L,L,L,L,L,D,L,W,W,D,L,L,L,W","L,D,D,L,L,L,D,W,D,D,D,L,L,L,L,L,L,D,W"
2012-2013,1,Man Utd,38,28,5,5,86,43,43,89,19,19,45,19,41,24,16,0,3,12,5,2,"D,W,L,D,W,D,W,L,W,W,W,W,W,W,W,D,W,W,W,W,D,W,W,W,W,W,L,W,W,W,W,W,L,W,W,W,W,L","W,L,W,L,W,W,W,W,W,W,W,W,W,W,W,W,L,W,W","D,D,D,W,W,W,W,D,W,D,W,W,L,W,W,W,W,W,L"
2012-2013,2,Man City,38,23,9,6,66,34,32,78,19,19,41,15,25,19,14,3,2,9,6,4,"L,W,W,D,W,L,W,W,W,L,W,W,L,D,D,W,W,W,W,L,W,W,L,D,W,D,W,W,D,W,W,W,W,D,D,W,D,W","L,W,W,W,W,W,D,W,W,W,L,D,W,W,W,W,D,W,W","W,D,L,W,L,W,L,D,W,W,L,W,W,D,D,W,W,D,D"
2012-2013,3,Chelsea,38,22,9,7,75,39,36,75,19,19,41,16,34,23,12,5,2,10,4,5,"W,W,D,W,W,D,W,W,L,W,W,L,W,L,D,W,D,W,L,W,W,W,W,L,D,D,L,D,D,L,W,W,W,W,D,W,W,W","W,D,W,W,W,W,W,W,D,L,W,D,D,D,L,W,W,W,W","W,W,D,W,L,L,L,D,W,W,W,W,L,L,D,W,W,D,W"
2012-2013,4,Arsenal,38,21,10,7,72,37,35,73,19,19,47,23,25,14,11,5,3,10,5,4,"W,W,W,D,W,D,W,W,W,W,L,W,W,W,D,W,L,L,D,W,W,W,W,L,D,D,W,D,L,W,L,W,L,D,W,W,D,D","W,D,D,W,W,W,W,D,W,L,W,W,L,W,D,W,L,W,D","W,W,W,W,W,L,W,L,D,W,W,D,D,L,L,W,D,W,D"
2012-2013,5,Spurs,38,21,9,8,66,46,20,72,19,19,29,18,37,28,11,5,3,10,4,5,"W,W,D,W,D,W,D,W,L,L,W,W,W,W,D,D,D,W,W,W,D,W,L,W,W,W,L,L,L,W,L,W,W,W,W,D,D,L","W,W,W,D,L,W,W,D,W,D,W,W,W,L,L,W,W,D,D","W,D,D,W,L,W,W,D,D,W,W,L,W,L,L,W,W,W,L"
2012-2013,6,Everton,38,16,15,7,55,40,15,63,19,19,33,17,22,23,12,6,1,4,9,6,"L,W,D,W,L,D,W,D,W,W,W,L,L,D,W,D,D,W,L,W,W,D,W,D,D,D,L,W,D,D,D,D,W,W,D,L,W,W","W,W,W,W,W,W,D,W,D,L,W,W,D,D,W,D,W,D,W","L,D,L,D,D,L,L,D,W,W,D,D,L,D,D,D,W,L,W"
2012-2013,7,Liverpool,38,16,13,9,71,43,28,61,19,19,33,16,38,27,9,6,4,7,7,5,"W,W,D,W,D,D,D,W,L,W,W,W,L,D,D,W,L,W,W,L,W,L,W,W,L,D,W,D,D,D,W,D,W,L,D,L,D,L","W,D,D,D,W,W,L,W,W,W,L,W,W,D,W,D,L,L,D","W,W,D,W,L,W,D,D,L,W,L,W,L,D,D,D,W,D,L"
2012-2013,8,West Brom,38,14,7,17,53,57,-4,49,19,19,32,25,21,32,9,4,6,5,3,11,"D,L,L,L,W,D,L,L,D,W,L,W,W,L,L,D,L,L,L,W,W,D,L,L,L,W,W,W,W,L,L,W,D,W,L,W,D,W","D,L,D,L,W,W,L,D,L,W,D,L,W,W,L,W,W,W,W","L,L,W,L,D,L,W,L,L,L,W,L,L,W,W,L,D,L,D"
2012-2013,9,Swansea,38,11,13,14,47,51,-4,46,19,19,28,26,19,25,6,8,5,5,5,9,"L,L,W,D,L,D,D,L,L,L,W,L,W,L,D,W,D,D,W,D,D,L,L,W,W,D,W,D,D,L,W,D,L,L,L,D,W,W","L,D,D,L,L,W,W,W,D,D,L,W,D,D,W,D,L,D,W","L,W,L,D,L,L,L,D,D,W,D,L,W,W,D,L,L,L,W"
2012-2013,10,West Ham,38,12,10,16,45,53,-8,46,19,19,34,22,11,31,9,6,4,3,4,12,"W,L,D,L,W,D,D,D,W,L,W,L,L,W,L,L,D,L,W,L,L,D,L,W,L,L,D,W,D,L,W,L,W,D,D,W,L,W","W,D,W,D,W,L,W,D,W,L,L,W,D,D,W,L,D,W,W","L,L,D,D,L,W,L,L,L,L,L,D,L,L,W,L,W,D,L"
2012-2013,11,Norwich,38,10,14,14,41,58,-17,44,19,19,25,20,16,38,8,7,4,2,7,10,"W,W,L,L,W,L,D,L,D,D,L,W,D,D,D,L,D,L,L,L,L,W,W,W,D,D,W,D,W,D,W,L,L,L,D,D,D,L","W,L,W,D,D,W,D,D,D,L,L,W,W,W,W,W,L,D,D","W,L,L,L,D,L,D,L,L,L,W,D,D,D,D,L,L,D,L"
2012-2013,12,Fulham,38,11,10,17,50,60,-10,43,19,19,28,30,22,30,7,3,9,4,7,8,"W,L,L,L,L,L,D,L,W,W,D,W,D,L,W,L,D,W,L,D,L,L,W,L,D,L,L,D,D,D,W,D,L,W,W,L,L,W","L,L,L,L,W,W,L,W,D,L,D,W,L,L,D,W,L,W,W","W,L,D,L,W,D,D,L,W,L,L,D,L,D,D,D,W,L,L"
2012-2013,13,Stoke,38,9,15,14,34,45,-11,42,19,19,21,22,13,23,7,7,5,2,8,9,"D,L,D,W,W,L,L,L,D,L,L,L,W,L,D,L,L,L,D,W,D,D,D,W,W,W,D,W,L,D,L,D,W,L,D,D,D,D","L,W,L,L,D,L,W,D,L,D,W,D,W,W,W,D,W,D,D","D,D,W,L,L,L,L,L,L,D,D,W,D,L,L,D,L,D,D"
2012-2013,14,Southampton,38,9,14,15,49,60,-11,41,19,19,26,24,23,36,6,7,6,3,7,9,"D,D,L,L,D,D,W,W,W,D,L,L,W,D,L,D,D,W,D,D,D,L,W,L,D,W,W,D,L,L,L,D,L,W,L,L,L,L","D,L,D,W,W,L,W,D,D,L,W,D,W,D,L,D,W,L,L","D,L,D,W,D,L,D,L,D,W,D,D,L,W,L,L,L,L,L"
2012-2013,15,Aston Villa,38,10,11,17,47,69,-22,41,19,19,23,28,24,41,5,5,9,5,6,8,"D,L,W,W,L,D,W,L,W,W,L,L,W,D,L,D,L,D,L,L,L,W,D,D,W,D,L,L,W,D,L,L,D,L,W,D,L,L","L,W,D,L,W,L,W,L,L,L,L,D,W,D,L,D,D,W,L","D,W,L,W,W,L,D,D,D,L,W,D,L,W,L,L,L,D,L"
2012-2013,16,Newcastle,38,11,8,19,45,68,-23,41,19,19,24,31,21,37,9,1,9,2,7,10,"L,W,D,L,D,L,W,L,L,W,L,W,L,W,W,L,D,L,L,L,W,L,L,W,L,L,L,L,D,W,D,L,D,W,D,D,L,W","L,L,L,W,W,W,W,L,L,W,L,W,L,L,W,L,W,D,W","W,D,D,L,L,L,L,W,D,L,L,L,L,L,D,D,D,D,L"
2012-2013,17,Sunderland,38,9,12,17,41,54,-13,39,19,19,20,19,21,35,5,8,6,4,4,11,"L,D,D,L,W,W,L,L,D,L,D,L,L,L,D,W,W,L,L,W,W,L,W,L,L,D,L,W,L,L,D,D,L,W,D,D,D,D","D,D,W,L,D,D,L,D,W,L,W,W,L,D,L,L,D,W,D","L,L,W,L,L,L,L,W,L,W,L,L,W,L,D,L,D,D,D"
2012-2013,18,Wigan,38,9,9,20,47,73,-26,36,19,19,26,39,21,34,4,6,9,5,3,11,"D,L,L,W,D,L,L,D,W,W,L,W,L,D,D,L,D,L,W,L,L,L,D,L,L,W,L,L,W,W,L,D,L,L,L,D,W,L","D,L,D,W,W,L,D,L,L,L,D,L,W,L,W,D,L,D,L","L,W,L,L,D,W,L,D,D,W,L,L,L,L,W,L,L,L,W"
2012-2013,19,Reading,38,6,10,22,43,73,-30,28,19,19,23,33,20,40,4,8,7,2,2,15,"L,L,W,D,L,D,L,L,L,L,L,L,L,W,D,W,W,L,W,D,L,L,L,L,L,L,L,W,D,D,D,L,D,D,L,L,L,D","L,D,D,L,L,L,W,D,W,W,D,L,L,W,D,D,D,L,D","L,W,L,L,L,L,L,W,L,L,L,L,L,L,D,L,D,L,L"
2012-2013,20,QPR,38,4,13,21,30,60,-30,25,19,19,13,28,17,32,2,8,9,2,5,12,"L,L,L,D,L,L,D,L,L,W,W,L,L,D,D,D,D,W,L,L,L,W,D,D,D,L,L,L,D,L,D,L,L,L,D,L,D,L","L,L,L,D,W,L,D,D,D,L,L,W,D,L,D,D,L,D,L","L,D,L,L,L,W,L,D,W,L,D,D,L,L,L,L,L,L,D"
2013-2014,1,Man City,38,27,5,6,102,37,65,86,19,19,63,13,39,24,17,1,1,10,4,5,"W,W,W,W,W,D,L,W,D,W,W,W,W,D,L,W,W,W,W,W,W,W,W,D,W,W,W,L,W,L,W,W,L,W,D,W,L,W","W,W,W,D,W,W,W,L,W,W,W,W,W,W,W,W,W,W,W","W,W,L,D,W,W,D,W,W,W,W,D,W,L,L,W,L,D,L"
2013-2014,2,Liverpool,38,26,6,6,101,50,51,84,19,19,53,18,48,32,16,1,2,10,5,4,"W,D,L,W,W,W,W,W,W,W,W,W,W,W,D,W,D,W,W,L,L,W,W,W,W,L,D,W,L,W,D,W,W,L,D,W,W,W","W,L,W,W,W,W,W,W,D,W,W,W,W,W,W,W,L,W,W","D,W,W,W,W,W,W,D,W,L,L,W,L,D,L,D,W,D,W"
2013-2014,3,Chelsea,38,25,7,6,71,27,44,82,19,19,43,11,28,16,15,3,1,10,4,5,"W,D,W,L,W,W,L,W,L,W,W,W,D,W,W,D,W,W,W,W,W,D,W,L,W,W,W,D,L,W,W,W,D,W,L,D,W,W","D,L,W,W,W,W,W,D,W,W,W,W,W,D,W,W,W,W,W","W,W,W,L,L,W,D,W,W,W,D,L,W,W,L,W,D,L,D"
2013-2014,4,Arsenal,38,24,7,7,68,41,27,79,19,19,36,11,32,30,13,5,1,11,2,6,"W,W,W,W,W,L,D,D,L,W,L,W,D,L,W,D,W,W,W,W,W,D,L,D,W,W,W,L,W,W,W,D,W,W,W,W,W,L","W,W,W,D,D,W,D,W,W,W,D,D,W,W,W,W,W,W,L","W,W,L,L,W,L,L,D,W,W,W,L,W,L,W,D,W,W,W"
2013-2014,5,Everton,38,21,9,8,61,39,22,72,19,19,38,19,23,20,13,3,3,8,6,5,"W,L,L,W,L,W,W,W,W,W,W,W,L,L,W,L,D,W,D,W,L,W,W,D,W,W,D,D,D,W,W,L,W,W,W,D,D,D","L,W,L,W,W,W,W,W,W,W,L,W,W,D,D,W,W,W,D","W,L,W,W,W,L,L,L,D,D,W,D,W,D,W,L,W,D,D"
2013-2014,6,Spurs,38,21,6,11,55,51,4,69,19,19,30,23,25,28,11,3,5,10,3,6,"W,L,W,W,D,W,L,W,L,L,W,L,W,W,D,L,W,W,W,W,D,W,L,W,W,D,L,L,D,W,W,L,D,W,W,L,W,W","W,W,W,W,L,W,W,L,W,W,D,L,D,L,W,L,D,W,W","L,W,D,L,L,L,W,D,W,W,W,W,W,L,D,W,W,L,W"
2013-2014,7,Man Utd,38,19,7,12,64,43,21,64,19,19,29,21,35,22,9,3,7,10,4,5,"D,W,L,W,L,W,W,L,W,L,W,W,D,D,L,W,L,W,L,W,W,W,W,L,L,D,D,W,W,W,D,W,L,L,W,L,D,W","W,L,W,W,L,L,D,W,W,L,W,L,L,W,W,D,L,W,D","D,L,W,W,W,W,D,L,L,W,W,W,D,D,W,W,L,L,W"
2013-2014,8,Southampton,38,15,11,12,54,46,8,56,19,19,32,23,22,23,8,6,5,7,5,7,"D,W,W,D,L,L,W,L,W,W,L,L,W,D,W,D,D,W,L,L,W,L,D,D,L,L,L,W,D,W,D,W,W,W,D,L,D,W","D,W,L,W,W,L,D,D,W,L,L,D,L,W,W,W,W,D,D","W,D,L,L,W,L,W,W,D,L,W,D,L,L,D,D,W,L,W"
2013-2014,9,Stoke,38,13,11,14,45,52,-7,50,19,19,27,17,18,35,10,6,3,3,5,11,"W,W,L,D,W,L,W,W,W,D,W,L,D,D,W,L,L,L,D,L,L,W,D,W,D,L,W,D,D,L,D,L,L,L,D,W,W,L","W,L,W,W,W,W,D,W,L,D,W,W,D,W,D,D,L,D,W","W,D,L,W,D,L,D,L,L,L,L,D,L,D,L,L,L,W,L"
2013-2014,10,Newcastle,38,15,4,19,43,59,-16,49,19,19,23,28,20,31,8,3,8,7,1,11,"L,W,L,L,L,L,L,L,W,L,W,W,L,L,L,D,W,L,L,L,W,W,D,W,L,W,W,W,W,L,D,W,L,L,W,W,D,L","W,L,L,L,W,W,L,L,L,L,W,D,W,W,W,D,L,W,D","L,L,L,L,L,W,L,D,W,L,W,W,L,W,L,W,L,W,L"
2013-2014,11,Crystal Palace,38,13,6,19,33,48,-15,45,19,19,18,23,15,25,8,3,8,5,3,11,"D,D,L,W,W,W,W,W,L,D,L,D,L,W,L,W,W,L,D,L,W,L,L,W,W,L,W,D,L,L,L,L,L,L,L,W,L,L","D,L,W,W,L,L,W,W,W,D,L,W,W,D,L,L,L,W,L","D,W,W,W,L,D,D,L,L,L,W,L,L,W,L,L,L,L,L"
2013-2014,12,Swansea,38,11,9,18,54,54,0,42,19,19,33,26,21,28,6,5,8,5,4,10,"W,L,W,W,L,L,W,D,L,L,D,L,D,W,L,W,L,L,L,D,L,L,D,D,W,L,W,D,L,D,W,L,L,W,D,W,L,L","L,W,L,W,L,D,W,W,L,L,L,D,W,D,D,W,L,D,L","W,W,L,D,L,L,D,L,L,D,L,D,L,W,L,L,W,W,L"
2013-2014,13,West Ham,38,11,7,20,40,51,-11,40,19,19,25,26,15,25,7,3,9,4,4,11,"L,W,L,L,L,L,W,W,L,L,L,W,W,W,W,D,L,W,L,D,L,L,D,L,L,W,L,L,D,D,L,W,L,L,D,L,D,W","W,L,L,W,L,W,W,W,L,D,L,D,W,L,D,L,L,L,W","L,L,L,W,L,L,W,D,W,L,L,L,L,L,D,W,L,D,D"
2013-2014,14,Sunderland,38,10,8,20,41,60,-19,38,19,19,21,27,20,33,5,3,11,5,5,9,"L,W,W,W,W,D,L,L,L,L,L,D,L,L,W,W,D,W,L,D,W,D,D,L,L,D,L,W,L,W,L,L,L,L,L,L,D,L","L,W,W,L,L,D,L,W,D,L,D,L,L,W,W,L,L,L,L","W,W,D,L,L,L,L,W,W,D,W,D,D,L,L,L,L,L,D"
2013-2014,15,Aston Villa,38,10,8,20,39,61,-22,38,19,19,22,29,17,32,6,3,10,4,5,10,"L,L,W,L,D,L,L,L,L,W,W,L,D,L,L,W,D,L,W,D,L,L,L,L,W,D,D,W,D,L,L,D,W,W,L,L,L,W","W,D,L,L,W,W,L,W,L,D,L,L,D,W,L,L,W,L,L","L,L,L,L,L,L,D,L,D,W,L,L,W,D,D,D,W,L,W"
2013-2014,16,Hull,38,10,7,21,38,53,-15,37,19,19,20,21,18,32,7,4,8,3,3,13,"L,L,L,D,L,W,L,L,W,L,L,W,L,W,D,L,L,L,L,W,L,D,D,D,L,W,L,L,W,L,L,D,W,W,D,L,W,L","L,L,W,W,L,L,L,D,L,W,L,D,W,L,W,D,W,D,W","L,L,D,L,L,W,W,L,L,L,D,D,L,L,L,L,W,L,L"
2013-2014,17,West Brom,38,7,15,16,43,59,-16,36,19,19,24,27,19,32,4,9,6,3,6,10,"L,L,L,W,L,D,W,D,L,W,L,D,D,L,D,L,D,L,W,D,D,D,L,L,L,L,D,D,W,L,D,D,W,W,D,L,D,L","L,W,D,D,L,D,D,D,D,W,D,L,L,D,W,D,W,L,L","L,L,L,W,L,W,L,L,L,D,D,L,L,D,L,D,W,D,D"
2013-2014,18,Norwich,38,8,9,21,28,62,-34,33,19,19,17,18,11,44,6,6,7,2,3,14,"L,D,L,L,L,L,L,W,L,D,L,W,L,D,L,D,W,L,D,L,L,D,D,W,L,W,L,W,L,D,L,L,W,L,L,W,L,D","L,L,L,W,D,W,D,D,W,L,L,D,W,W,D,L,L,W,D","D,L,L,L,L,L,L,L,L,D,D,W,L,L,L,L,W,L,L"
2013-2014,19,Fulham,38,9,5,24,40,85,-45,32,19,19,24,38,16,47,5,3,11,4,2,13,"D,L,D,L,W,W,L,L,W,L,L,D,L,D,L,L,L,L,W,L,W,L,L,W,L,L,L,L,L,L,W,W,L,L,D,L,L,W","D,D,W,L,W,L,L,L,L,W,L,W,L,L,L,W,L,D,L","L,L,W,L,L,D,D,L,L,L,W,L,L,L,L,W,L,L,W"
2013-2014,20,Cardiff,38,7,9,22,32,74,-42,30,19,19,20,35,12,39,5,5,9,2,4,13,"L,L,L,D,W,L,D,L,L,W,L,L,D,L,W,L,L,L,L,D,L,L,W,L,D,L,D,L,W,D,L,L,W,L,D,D,W,L","L,D,L,L,W,L,D,W,L,D,L,W,L,D,W,L,L,D,W","L,L,W,D,L,L,L,L,L,L,L,L,D,L,D,L,W,D,L"
2014-2015,1,Chelsea,38,26,9,3,73,32,41,87,19,19,36,9,37,23,15,4,0,11,5,3,"W,L,D,W,W,D,W,W,W,W,D,W,D,W,W,D,W,W,L,D,W,W,W,L,W,D,W,W,W,D,W,W,W,D,W,W,W,W","W,D,W,W,W,D,D,W,D,W,W,W,W,W,W,W,W,W,W","L,W,D,W,W,W,W,W,L,D,W,L,D,W,D,W,D,W,W"
2014-2015,2,Man City,38,24,7,7,83,38,45,79,19,19,44,14,39,24,14,3,2,10,4,5,"W,W,W,W,W,W,L,L,W,L,W,L,W,W,D,D,L,D,W,D,W,W,W,W,W,W,W,D,W,L,W,W,W,D,D,L,W,W","W,W,W,W,W,W,W,D,L,W,D,W,W,W,W,W,D,L,W","W,W,L,L,L,L,W,D,D,W,W,W,W,D,L,W,W,D,W"
2014-2015,3,Arsenal,38,22,9,7,71,36,35,75,19,19,41,14,30,22,12,5,2,10,4,5,"W,D,D,L,W,D,W,W,W,W,W,W,W,W,L,W,W,W,L,W,W,D,W,L,W,W,L,L,W,W,D,L,D,W,D,D,D,W","W,D,L,D,W,W,W,W,W,W,W,W,W,L,W,D,D,D,W","D,W,W,W,W,W,L,W,L,W,D,L,W,L,W,L,W,D,D"
2014-2015,4,Man Utd,38,20,10,8,62,37,25,70,19,19,41,15,21,22,14,2,3,6,8,5,"D,D,W,L,L,L,W,W,W,W,W,W,L,W,D,W,W,L,D,D,W,D,W,W,W,W,W,W,L,D,D,W,W,L,W,D,D,L","D,L,W,W,W,W,W,W,L,W,W,W,W,W,D,W,W,W,L","D,W,L,L,W,W,L,D,W,D,D,D,W,W,L,D,L,D,D"
2014-2015,5,Spurs,38,19,7,12,58,53,5,64,19,19,31,24,27,29,10,3,6,9,4,6,"W,W,L,L,D,W,L,D,W,L,W,W,D,L,W,W,W,L,W,D,W,W,W,D,L,W,W,L,W,L,L,W,D,L,D,L,W,W","W,L,L,W,W,D,W,W,W,D,W,D,W,L,L,W,L,L,W","W,L,D,W,D,L,W,L,W,L,W,W,L,W,W,L,D,D,W"
2014-2015,6,Liverpool,38,18,8,12,52,48,4,62,19,19,30,20,22,28,10,5,4,8,3,8,"L,L,D,W,L,D,W,L,L,W,W,W,W,W,D,W,W,W,D,W,W,D,L,D,W,W,L,L,L,D,W,W,D,L,L,W,L,W","L,W,W,L,W,W,W,W,D,W,D,D,W,L,D,W,D,L,W","L,D,L,D,L,W,W,D,W,W,W,L,W,L,L,W,L,W,L"
2014-2015,7,Southampton,38,18,6,14,54,33,21,60,19,19,37,13,17,20,11,4,4,7,2,10,"L,W,L,L,D,L,W,L,W,D,W,L,L,D,W,L,W,W,W,D,W,W,L,L,L,L,D,W,W,W,W,L,W,W,W,W,D,L","W,D,W,W,W,L,D,L,W,D,W,L,L,W,W,W,W,W,D","L,L,L,L,L,D,L,W,W,W,W,L,L,D,W,L,W,W,L"
2014-2015,8,Swansea,38,16,8,14,46,49,-3,56,19,19,27,22,19,27,9,5,5,7,3,9,"L,L,W,W,W,L,D,W,W,L,L,W,W,L,D,W,L,D,D,L,W,W,L,L,W,D,L,W,D,W,L,D,D,L,L,W,W,W","L,W,D,W,L,W,D,L,D,W,L,W,D,W,W,D,L,W,W","L,W,W,L,W,L,W,L,W,D,L,W,L,L,D,L,D,L,W"
2014-2015,9,Stoke,38,15,9,14,48,45,3,54,19,19,32,22,16,23,10,3,6,5,6,8,"W,D,W,L,D,W,D,L,L,L,W,W,W,L,D,W,W,L,D,W,W,L,D,W,L,L,L,W,D,L,W,L,W,D,L,W,D,L","W,W,D,W,L,W,W,L,W,D,W,L,W,L,D,W,W,L,L","D,L,D,L,L,W,D,W,L,W,D,L,L,W,L,L,D,W,D"
2014-2015,10,Crystal Palace,38,13,9,16,47,51,-4,48,19,19,21,27,26,24,6,3,10,7,6,6,"W,W,L,L,L,L,W,W,W,W,L,W,L,D,W,L,W,W,D,D,L,L,D,D,L,D,W,L,L,D,L,L,W,W,D,D,L,L","W,L,L,L,W,W,L,D,L,W,L,D,L,W,L,L,W,D,L","W,L,W,W,L,W,W,W,D,D,L,D,D,L,D,L,W,D,L"
2014-2015,11,Everton,38,12,11,15,48,50,-2,47,19,19,27,21,21,29,7,7,5,5,4,10,"L,W,L,L,W,W,D,W,W,W,L,L,D,L,D,W,D,D,L,L,L,L,W,L,D,L,W,D,D,W,W,L,D,L,W,L,D,D","L,L,W,W,W,W,D,D,D,D,L,W,D,W,D,W,L,L,D","W,L,D,W,L,L,L,W,L,L,L,L,L,D,W,L,D,W,D"
2014-2015,12,West Ham,38,12,11,15,44,47,-3,47,19,19,25,18,19,29,9,4,6,3,7,9,"L,L,L,W,D,L,D,L,W,L,L,L,D,D,D,L,W,D,D,L,L,W,D,W,W,W,L,D,D,W,W,W,L,W,D,L,W,L","L,W,D,W,L,L,D,W,D,L,W,W,W,D,W,W,W,L,L","L,L,D,L,L,L,D,D,L,D,L,D,W,L,D,W,L,D,W"
2014-2015,13,West Brom,38,11,11,16,38,51,-13,44,19,19,24,26,14,25,7,4,8,4,7,8,"L,W,D,W,D,W,L,L,L,W,L,W,D,W,D,L,D,W,D,L,L,L,W,D,L,L,L,L,W,D,D,L,W,W,L,L,D,D","W,D,L,L,W,W,W,L,W,L,W,L,L,L,D,D,W,L,D","L,D,W,W,L,L,D,D,D,D,L,L,D,L,W,L,W,L,D"
2014-2015,14,Leicester,38,11,8,19,46,55,-9,41,19,19,28,22,18,33,7,5,7,4,3,12,"W,D,W,W,L,W,W,W,W,L,D,L,D,L,L,L,L,W,D,W,L,L,L,L,L,L,D,L,L,L,L,D,L,W,W,D,L,D","W,W,W,L,W,W,D,L,L,W,L,L,L,D,L,D,W,D,D","D,W,W,L,L,D,L,L,D,W,L,L,L,L,L,L,L,W,L"
2014-2015,15,Newcastle,38,10,9,19,40,63,-23,39,19,19,26,27,14,36,7,5,7,3,4,12,"W,L,D,L,L,L,L,L,L,L,L,W,L,D,D,W,L,L,D,W,L,L,L,W,D,L,W,W,W,W,W,D,L,D,L,D,D,L","W,D,L,L,L,L,W,D,L,D,W,L,W,W,W,W,D,D,L","L,L,L,L,L,L,D,W,L,L,L,D,L,W,W,D,L,L,D"
2014-2015,16,Sunderland,38,7,17,14,31,53,-22,38,19,19,16,27,15,26,4,8,7,3,9,7,"L,D,D,W,W,D,L,W,L,L,D,L,D,L,D,W,L,L,L,D,L,W,D,D,L,D,D,D,W,L,L,W,D,D,D,L,D,D","D,W,L,W,L,D,L,W,L,L,D,L,D,D,L,W,D,D,D","L,D,W,D,L,D,L,D,L,L,D,W,D,D,W,L,D,L,D"
2014-2015,17,Aston Villa,38,10,8,20,31,57,-26,38,19,19,18,25,13,32,5,6,8,5,2,12,"L,L,W,W,L,W,D,L,L,W,W,L,L,L,L,L,L,L,D,D,L,D,L,W,W,D,D,D,L,L,L,L,L,L,W,W,D,W","L,W,W,D,L,W,L,L,L,D,D,D,W,D,L,L,L,W,D","L,L,W,L,W,L,L,L,L,L,L,W,D,D,L,L,L,W,W"
2014-2015,18,Hull,38,8,11,19,33,51,-18,35,19,19,19,24,14,27,5,5,9,3,6,10,"D,L,L,L,W,W,L,L,L,D,D,L,W,W,D,L,L,L,W,L,W,L,L,D,D,L,L,L,L,D,D,W,L,D,D,L,D,W","D,L,L,W,L,D,W,W,L,W,L,L,D,L,L,W,L,D,D","L,W,L,L,D,L,D,L,L,W,L,D,L,L,D,D,D,L,W"
2014-2015,19,Burnley,38,7,12,19,28,53,-25,33,19,19,14,21,14,32,4,7,8,3,5,11,"W,D,W,L,L,L,L,D,L,W,L,L,D,L,D,L,L,W,D,D,L,L,W,L,D,D,W,W,L,L,L,D,L,D,D,D,L,L","D,L,L,D,W,L,D,L,W,L,W,D,D,W,L,L,D,D,L","W,W,L,L,L,L,D,L,L,D,D,L,L,W,L,D,L,D,L"
2014-2015,20,QPR,38,8,6,24,42,73,-31,30,19,19,23,24,19,49,6,5,8,2,1,16,"L,W,L,L,D,L,D,W,L,L,L,L,L,W,L,L,L,L,D,D,L,W,L,W,L,W,L,D,L,W,L,L,L,D,L,W,L,L","W,D,L,L,L,L,L,L,D,D,W,W,W,D,W,L,D,W,L","L,L,L,D,W,L,L,W,L,L,L,L,L,L,L,L,L,L,L"
2015-2016,1,Leicester,38,23,12,3,68,36,32,81,19,19,35,18,33,18,12,6,1,11,6,2,"D,W,D,W,D,W,W,W,W,W,D,W,L,W,W,W,D,W,D,D,L,W,W,W,D,W,W,W,W,D,W,L,D,W,D,D,W,W","W,W,D,W,W,D,W,W,W,D,D,W,D,W,W,L,W,D,W","D,D,W,W,W,L,W,D,W,L,W,W,W,W,D,W,D,D,W"
2015-2016,2,Arsenal,38,20,11,7,65,36,29,71,19,19,31,11,34,25,12,4,3,8,7,4,"W,D,W,D,W,D,D,W,W,D,L,L,W,W,D,L,D,D,W,W,L,W,W,W,D,L,D,W,W,W,W,W,L,W,W,D,W,L","W,W,W,D,W,L,W,D,L,W,W,W,W,D,W,W,W,D,L","D,D,D,W,D,L,W,D,D,L,W,D,L,W,W,W,L,W,W"
2015-2016,3,Spurs,38,19,13,6,69,35,34,70,19,19,35,15,34,20,10,6,3,9,7,3,"L,L,D,D,W,W,D,W,W,D,L,W,W,W,W,W,W,L,D,W,W,W,L,D,D,W,D,W,W,D,D,W,W,W,D,D,D,L","L,D,W,W,D,W,W,W,L,W,L,D,W,W,D,W,W,D,D","L,D,W,D,W,L,W,W,W,D,W,W,D,D,W,D,W,D,L"
2015-2016,4,Man City,38,19,9,10,71,41,30,66,19,19,47,21,24,20,12,2,5,7,7,5,"D,D,L,W,D,W,W,W,L,D,W,L,L,L,W,D,W,D,W,D,W,L,W,L,W,L,D,W,D,W,W,L,L,W,W,W,W,W","D,W,W,L,W,L,L,W,D,W,W,W,L,W,W,W,L,W,W","D,L,D,W,W,D,L,W,D,W,D,L,L,D,D,L,W,W,W"
2015-2016,5,Man Utd,38,19,9,10,49,35,14,66,19,19,27,9,22,26,12,5,2,7,4,8,"W,L,W,D,W,W,L,W,W,L,W,W,L,D,W,L,W,D,W,D,L,L,L,D,D,W,W,D,D,W,L,W,W,W,L,D,W,W","W,D,W,W,W,W,W,W,L,W,D,L,D,W,D,W,W,D,W","L,W,L,W,L,L,D,W,D,L,L,D,W,D,W,L,W,L,W"
2015-2016,6,Southampton,38,18,9,11,59,41,18,63,19,19,39,22,20,19,11,3,5,7,6,6,"W,W,W,W,D,W,L,W,W,D,L,L,W,W,D,W,W,W,L,L,W,L,L,D,L,L,W,W,D,D,W,W,L,D,W,D,L,D","W,W,W,W,D,L,W,W,W,W,L,D,L,W,D,W,L,W,L","W,W,D,L,W,L,W,D,W,L,L,L,L,W,D,W,D,D,D"
2015-2016,7,West Ham,38,16,14,8,65,51,14,62,19,19,34,26,31,25,9,7,3,7,7,5,"L,W,L,W,W,D,D,D,D,W,W,W,D,L,W,D,L,W,W,W,D,D,D,D,D,L,D,L,W,W,D,D,W,W,W,L,L,W","W,L,W,D,D,W,W,W,D,W,W,D,D,D,W,D,W,L,L","L,W,D,D,W,D,L,L,W,D,D,D,L,L,W,D,W,W,W"
2015-2016,8,Liverpool,38,16,12,10,63,50,13,60,19,19,33,22,30,28,8,8,3,8,4,7,"D,D,W,L,D,W,W,W,D,L,W,W,W,D,L,W,L,D,L,W,W,L,D,L,W,W,L,W,D,D,D,W,D,L,L,D,W,W","D,W,D,W,W,D,W,D,L,D,W,D,W,L,D,W,D,L,W","D,L,W,L,W,W,L,W,L,W,L,L,W,W,D,D,L,D,W"
2015-2016,9,Stoke,38,14,9,15,41,55,-14,51,19,19,22,24,19,31,8,4,7,6,5,8,"W,L,D,L,L,L,D,W,L,D,W,W,W,L,L,L,D,W,L,W,W,L,D,W,L,W,W,D,L,W,W,W,D,L,L,D,D,L","W,D,L,D,L,W,W,L,D,W,W,L,W,W,L,W,D,L,L","L,L,L,W,D,W,L,L,L,W,D,L,W,D,W,W,L,D,D"
2015-2016,10,Chelsea,38,12,14,12,59,53,6,50,19,19,32,30,27,23,5,9,5,7,5,7,"D,D,L,D,W,L,L,W,D,D,W,W,W,D,D,W,D,D,W,D,D,W,L,L,D,W,L,L,L,W,L,D,W,L,L,W,L,D","D,D,L,D,D,W,D,D,D,D,W,L,W,L,W,L,W,L,D","D,L,W,L,W,W,W,D,W,W,D,L,D,L,L,D,L,W,L"
2015-2016,11,Everton,38,11,14,13,59,55,4,47,19,19,35,30,24,25,6,5,8,5,9,5,"W,L,L,W,L,D,D,D,L,L,L,W,L,W,W,L,D,D,D,L,W,L,D,D,D,W,D,W,L,L,D,W,D,W,D,L,W,D","W,W,D,L,L,L,W,L,D,L,L,D,W,W,L,D,W,L,D","L,L,L,D,D,L,W,W,D,D,W,D,D,D,L,W,D,D,W"
2015-2016,12,Swansea,38,12,11,15,42,52,-10,47,19,19,20,20,22,32,8,6,5,4,5,10,"D,W,W,L,L,W,D,W,L,W,W,L,L,D,D,W,W,L,L,D,W,D,L,L,L,D,L,L,W,L,D,L,D,L,W,D,W,D","D,W,W,W,W,L,D,W,L,W,D,L,D,L,L,D,D,W,W","W,L,L,D,L,W,L,D,W,L,D,L,L,L,W,L,L,D,D"
2015-2016,13,Watford,38,12,9,17,40,50,-10,45,19,19,20,19,20,31,6,6,7,6,3,10,"D,L,L,W,L,W,D,L,L,L,L,D,W,L,D,W,L,L,L,L,D,W,W,W,W,L,L,W,W,L,D,L,W,W,L,D,D,D","D,W,D,L,L,D,D,W,L,L,W,W,L,W,L,L,W,D,D","L,L,L,W,L,L,W,L,L,L,D,W,W,L,W,D,W,L,D"
2015-2016,14,West Brom,38,10,13,15,34,48,-14,43,19,19,20,26,14,22,6,5,8,4,8,7,"D,D,L,D,L,L,L,D,L,W,D,W,W,L,D,D,L,D,W,W,L,L,D,D,D,W,L,L,W,W,L,L,W,D,W,L,D,L","D,L,L,L,W,W,D,D,W,W,L,D,W,L,W,L,D,L,L","D,D,L,L,D,D,W,L,L,D,L,D,D,L,W,L,W,W,D"
2015-2016,15,Crystal Palace,38,11,9,18,39,51,-12,42,19,19,19,23,20,28,6,3,10,5,6,8,"L,W,L,L,D,D,W,D,L,L,D,L,L,D,L,L,L,L,L,D,D,W,W,D,W,L,W,D,L,L,W,W,L,L,W,W,L,W","W,D,W,L,L,L,L,L,L,D,W,W,L,D,L,W,L,W,L","L,L,L,D,D,D,L,D,L,L,D,W,D,W,L,W,L,W,W"
2015-2016,16,Bournemouth,38,11,9,18,45,67,-22,42,19,19,23,34,22,33,5,5,9,6,4,9,"L,D,L,L,L,W,L,L,W,W,W,D,L,L,W,D,W,L,D,L,D,W,W,W,D,D,L,L,L,L,D,L,W,L,D,W,L,L","D,L,L,L,W,W,L,L,W,L,D,W,D,L,L,D,W,D,L","L,L,W,L,W,D,W,D,D,L,W,W,D,L,L,L,L,W,L"
2015-2016,17,Sunderland,38,9,12,17,48,62,-14,39,19,19,23,20,25,42,6,6,7,3,6,10,"D,W,W,D,D,W,L,D,D,D,D,L,W,D,L,D,L,W,W,L,L,L,L,L,W,W,L,L,W,L,D,L,L,L,D,D,L,L","W,W,D,L,D,D,W,L,D,W,L,L,W,L,W,D,L,D,L","D,D,W,D,D,L,D,L,W,L,L,L,W,L,L,L,L,D,L"
2015-2016,18,Newcastle,38,9,10,19,44,65,-21,37,19,19,32,24,12,41,7,7,5,2,3,14,"W,D,W,D,D,W,L,L,D,L,L,L,L,W,L,L,W,D,L,L,L,D,W,W,L,L,W,D,L,W,L,D,L,L,L,D,L,D","W,W,D,W,D,L,W,W,D,L,D,W,L,D,W,D,L,L,D","D,D,L,L,L,L,L,L,L,L,L,W,L,W,L,L,L,D,L"
2015-2016,19,Norwich,38,9,7,22,39,67,-28,34,19,19,26,30,13,37,6,5,8,3,2,14,"L,W,L,L,L,L,W,W,D,L,L,L,D,L,L,L,L,L,W,W,L,W,D,L,D,L,W,L,L,L,L,D,D,W,L,D,W,L","W,L,L,W,D,L,D,L,L,W,W,D,D,W,L,L,W,D,L","L,L,L,W,L,L,L,L,L,L,W,L,L,L,L,D,D,L,W"
2015-2016,20,Aston Villa,38,3,8,27,27,76,-49,17,19,19,14,35,13,41,2,5,12,1,3,15,"L,D,L,L,L,L,L,L,L,L,L,L,L,W,L,D,D,W,L,L,D,D,L,D,L,L,D,L,L,L,L,L,L,L,D,L,L,W","D,L,L,L,L,L,L,W,D,W,D,L,L,D,L,L,L,D,L","L,L,L,L,L,L,L,D,L,L,D,D,L,L,L,L,L,L,W"
2016-2017,1,Chelsea,38,30,3,5,85,33,52,93,19,19,55,17,30,16,17,0,2,13,3,3,"W,W,W,W,W,W,L,W,W,L,W,W,W,D,W,D,W,W,L,W,W,W,W,W,W,W,W,W,W,W,W,W,L,L,D,W,W,W","W,W,W,W,W,L,W,W,W,W,W,W,W,W,W,W,L,W,W","W,W,L,W,W,W,D,D,W,L,W,W,W,W,W,W,L,D,W"
2016-2017,2,Spurs,38,26,8,4,86,26,60,86,19,19,47,9,39,17,17,2,0,9,6,4,"W,W,W,L,W,W,W,W,W,W,W,W,W,L,W,D,D,W,W,W,W,W,W,L,W,L,W,D,D,D,D,W,W,W,W,D,W,D","W,W,W,W,W,W,W,W,W,W,W,W,W,W,D,W,W,D,W","W,W,L,W,W,W,L,D,D,W,W,L,L,D,D,D,W,W,D"
2016-2017,3,Man City,38,23,9,6,80,39,41,78,19,19,37,17,43,22,11,7,1,12,2,5,"W,W,W,W,D,D,W,W,L,D,D,D,W,W,W,W,D,L,W,L,W,W,W,L,L,W,W,D,W,D,D,L,W,W,W,W,W,W","W,W,W,D,W,D,D,W,D,W,W,W,L,D,D,D,W,W,W","W,D,W,L,D,W,W,W,L,L,W,L,W,W,W,L,W,W,W"
2016-2017,4,Liverpool,38,22,10,6,78,42,36,76,19,19,45,18,33,24,12,5,2,10,5,4,"W,W,D,W,L,W,W,D,W,D,W,W,L,W,L,D,L,D,D,W,W,W,W,D,L,W,D,W,W,W,D,W,W,W,W,D,L,W","W,D,L,D,W,W,W,W,D,L,W,W,D,W,W,W,D,W,W","W,W,W,W,D,L,L,D,D,W,W,L,D,W,W,W,D,L,W"
2016-2017,5,Arsenal,38,23,6,9,77,44,33,75,19,19,39,16,38,28,14,3,2,9,3,7,"W,W,W,W,W,L,W,W,L,W,D,L,L,W,L,L,W,W,D,W,W,L,L,W,W,W,D,D,W,D,W,W,W,W,W,W,D,L","W,W,W,W,W,D,W,L,W,W,W,W,W,D,D,W,W,W,L","W,W,L,W,L,L,L,L,W,D,L,L,W,D,W,W,W,W,D"
2016-2017,6,Man Utd,38,18,15,5,54,29,25,69,19,19,26,12,28,17,8,10,1,10,5,4,"W,D,L,L,D,D,W,W,W,D,D,W,D,W,W,D,D,D,W,W,W,W,W,W,D,D,D,W,D,L,D,D,W,L,L,W,W,W","W,D,W,D,D,D,W,D,D,W,W,W,D,D,D,D,W,L,W","D,L,L,D,W,W,W,W,D,W,W,W,D,W,L,D,L,W,W"
2016-2017,7,Everton,38,17,10,11,62,44,18,61,19,19,42,16,20,28,13,4,2,4,6,9,"L,W,L,L,D,W,W,D,L,W,W,L,W,D,W,D,W,W,W,D,W,L,W,L,D,L,D,L,W,L,D,D,L,W,W,W,W,D","W,L,W,W,W,W,W,W,W,W,L,W,D,D,W,D,W,W,D","L,L,D,D,L,L,D,D,W,D,W,L,L,L,L,D,L,W,W"
2016-2017,8,Southampton,38,12,10,16,41,48,-7,46,19,19,17,21,24,27,6,6,7,6,4,9,"L,D,W,L,D,D,L,L,W,W,D,L,W,W,L,L,W,L,L,L,L,W,D,W,L,W,D,L,L,D,W,D,W,W,L,D,L,D","L,D,L,D,L,W,D,L,W,L,L,W,W,D,L,W,W,D,D","W,D,L,W,L,W,W,L,L,L,W,D,L,L,D,D,W,L,L"
2016-2017,9,Bournemouth,38,12,10,16,55,67,-12,46,19,19,35,29,20,38,9,4,6,3,6,10,"D,W,D,W,W,L,L,D,D,W,W,D,L,L,L,L,D,L,D,W,L,L,W,L,W,L,W,L,L,D,W,D,W,L,W,D,L,L","W,D,W,L,W,W,L,L,D,D,L,W,W,L,D,W,W,W,L","D,W,L,D,D,D,L,L,L,W,L,L,L,W,L,D,L,D,L"
2016-2017,10,West Brom,38,12,9,17,43,51,-8,45,19,19,27,22,16,29,9,2,8,3,7,9,"L,L,L,D,L,L,L,L,D,W,L,L,W,D,W,D,W,L,W,W,L,L,W,L,W,D,W,W,L,L,D,D,D,W,L,D,L,W","L,L,L,L,W,L,W,W,W,W,L,W,W,W,L,D,W,D,L","L,L,D,L,D,L,D,D,L,W,L,L,D,W,L,D,D,L,W"
2016-2017,11,West Ham,38,12,9,17,47,64,-17,45,19,19,19,31,28,33,7,4,8,5,5,9,"W,L,W,D,D,D,W,L,L,L,L,L,D,D,W,L,W,W,L,L,W,W,W,D,L,D,L,D,L,W,W,D,L,L,L,L,W,L","L,W,D,W,L,L,D,L,W,L,W,W,L,D,W,D,L,L,W","W,D,D,L,L,L,D,W,W,L,W,D,D,L,L,W,L,L,L"
2016-2017,12,Leicester,38,12,8,18,48,63,-15,44,19,19,31,25,17,38,10,4,5,2,4,13,"D,L,L,W,W,L,D,L,W,W,W,W,W,L,L,L,L,L,D,W,L,D,L,W,L,D,L,L,D,W,L,D,L,W,L,W,D,L","D,L,W,W,W,W,W,L,L,W,L,W,D,L,W,D,W,W,D","L,W,L,D,L,W,L,L,L,D,D,L,L,L,D,L,L,L,L"
2016-2017,13,Stoke,38,11,11,16,41,56,-15,44,19,19,24,24,17,32,7,6,6,4,5,10,"W,L,D,D,L,W,L,L,L,L,D,W,L,W,L,D,D,W,W,L,L,D,D,L,W,W,L,D,W,W,W,D,D,L,L,L,L,D","L,D,W,L,L,W,W,D,D,W,D,D,W,L,W,W,D,L,L","W,D,L,L,L,D,L,L,W,L,L,L,W,D,W,D,L,L,D"
2016-2017,14,Crystal Palace,38,12,5,21,50,63,-13,41,19,19,24,25,26,38,6,2,11,6,3,10,"L,W,L,L,L,W,D,W,L,W,W,W,W,L,L,W,L,L,L,L,D,L,L,D,W,L,L,L,L,L,L,D,W,W,W,D,L,L","W,L,L,D,W,W,W,L,L,L,L,L,W,L,L,L,W,D,L","L,L,W,L,W,W,L,W,L,L,D,D,L,L,L,D,W,W,L"
2016-2017,15,Swansea,38,12,5,21,45,70,-25,41,19,19,27,34,18,36,8,3,8,4,2,13,"W,W,W,D,W,L,L,L,D,L,L,W,L,W,L,W,W,L,W,L,L,L,L,W,L,W,D,L,L,D,L,L,L,L,D,L,L,W","W,W,W,L,D,W,W,W,L,L,L,W,W,L,D,L,L,D,L","W,D,L,L,L,L,L,L,W,W,L,L,L,D,L,L,L,L,W"
2016-2017,16,Burnley,38,11,7,20,39,55,-16,40,19,19,26,20,13,35,10,3,6,1,4,14,"L,L,D,W,L,L,D,W,L,D,L,L,D,D,L,W,L,W,L,W,W,L,L,W,L,L,L,W,D,W,L,L,W,L,D,L,W,L","L,D,L,W,L,D,W,W,W,W,W,L,W,W,L,W,D,W,L","L,W,L,D,D,L,L,D,L,L,L,L,L,L,L,D,L,L,L"
2016-2017,17,Watford,38,11,7,20,40,68,-28,40,19,19,25,29,15,39,8,4,7,3,3,13,"L,L,L,L,L,L,W,L,W,W,L,L,D,L,W,W,D,D,L,L,D,L,L,W,L,L,W,L,W,D,W,D,L,W,W,L,L,D","L,L,W,W,W,L,D,W,D,L,D,W,L,W,W,D,W,L,L","L,L,L,L,L,L,L,W,D,L,L,L,L,L,D,W,L,W,D"
2016-2017,18,Hull,38,9,7,22,37,80,-43,34,19,19,28,35,9,45,8,4,7,1,3,15,"L,L,L,D,W,L,L,W,W,L,W,L,D,L,W,D,L,W,L,D,L,L,L,D,L,D,L,W,L,L,L,L,L,L,D,L,W,W","L,L,W,W,W,W,D,W,W,D,L,D,D,W,L,L,L,L,W","L,D,L,L,L,L,L,D,L,L,L,L,L,L,L,L,L,D,W"
2016-2017,19,Middlesbrough,38,5,13,20,27,53,-26,28,19,19,17,23,10,30,4,6,9,1,7,11,"L,L,L,D,W,L,L,D,L,D,L,L,L,D,L,D,L,D,D,L,L,W,L,L,W,D,L,D,W,D,L,D,L,L,L,D,W,D","L,D,W,L,D,L,D,D,L,D,W,L,W,L,W,L,L,L,D","L,L,L,L,D,L,L,L,D,L,L,L,D,D,D,D,L,D,W"
2016-2017,20,Sunderland,38,6,6,26,29,69,-40,24,19,19,16,34,13,35,3,5,11,3,1,15,"L,L,L,W,L,L,D,L,L,L,D,L,L,L,W,D,L,L,D,L,L,W,L,L,W,L,W,W,L,L,L,D,L,L,L,D,L,L","L,L,D,L,D,L,L,D,L,D,W,L,W,W,L,D,L,L,L","L,L,W,L,L,L,L,W,L,L,L,L,L,W,L,L,L,D,L"
2017-2018,1,Man City,38,32,4,2,106,27,79,100,19,19,61,14,45,13,16,2,1,16,2,1,"W,W,D,W,W,W,L,W,W,W,W,W,D,W,W,L,W,D,W,W,W,W,W,W,W,W,W,W,W,W,W,W,W,W,W,W,D,W","W,D,W,L,W,W,W,W,W,W,W,W,W,W,W,W,W,W,D","W,W,W,W,W,W,D,L,D,W,W,W,W,W,W,W,W,W,W"
2017-2018,2,Man Utd,38,25,6,7,68,28,40,81,19,19,38,9,30,19,15,2,2,10,4,5,"W,D,L,W,W,L,W,W,W,W,W,L,W,L,W,W,W,D,D,D,W,W,L,W,W,W,W,L,W,L,D,W,W,W,D,W,W,W","W,W,L,W,W,W,W,W,D,D,W,L,W,W,W,W,W,W,W","D,L,W,W,W,L,L,W,W,D,W,W,W,L,L,D,W,D,W"
2017-2018,3,Spurs,38,23,8,7,74,36,38,77,19,19,40,16,34,20,13,4,2,10,4,5,"W,W,L,W,D,L,W,W,W,W,W,W,D,W,D,W,D,W,W,W,L,W,W,D,L,D,L,W,L,W,W,W,W,D,W,D,L,W","W,W,W,L,W,W,W,W,D,W,W,W,D,W,W,W,D,D,L","L,D,W,W,W,W,D,D,W,W,L,D,L,L,L,W,W,W,W"
2017-2018,4,Liverpool,38,21,12,5,84,38,46,75,19,19,45,10,39,28,12,7,0,9,5,5,"W,L,D,D,W,D,W,W,L,W,W,W,D,W,L,W,W,W,W,D,W,D,D,W,W,D,W,W,W,L,D,D,W,D,L,W,W,D","W,D,W,W,W,W,D,W,W,W,D,D,D,W,W,D,D,W,W","L,D,D,W,L,W,W,L,W,D,W,W,W,W,L,D,W,L,D"
2017-2018,5,Chelsea,38,21,7,10,62,38,24,70,19,19,30,16,32,22,11,4,4,10,3,6,"L,D,W,W,W,W,D,L,W,L,L,W,L,L,W,D,D,W,W,D,W,W,L,W,W,D,W,W,W,W,L,L,W,D,W,W,W,L","D,W,D,L,W,W,L,D,W,W,W,W,W,W,W,L,D,W,L","L,W,W,W,L,L,L,W,D,D,W,L,D,W,W,L,W,W,W"
2017-2018,6,Arsenal,38,19,6,13,74,51,23,63,19,19,54,20,20,31,15,2,2,4,4,11,"W,L,W,L,W,L,W,W,W,L,L,L,W,L,W,L,D,D,W,D,W,D,D,L,W,W,W,L,W,W,L,W,W,D,W,L,L,W","W,W,W,W,W,L,W,W,D,D,W,L,W,W,W,W,W,W,W","W,L,L,L,L,L,L,L,D,W,D,D,W,L,W,L,D,L,L"
2017-2018,7,Burnley,38,14,12,12,36,39,-3,54,19,19,16,17,20,22,7,5,7,7,7,5,"L,L,D,D,L,W,W,W,W,W,D,L,D,D,L,L,L,D,D,L,D,W,W,L,W,L,W,W,W,L,D,W,D,D,W,D,L,W","L,D,L,W,W,D,D,L,L,L,W,W,L,W,W,D,D,W,L","L,D,W,W,W,L,D,L,D,D,D,L,W,W,L,W,D,D,W"
2017-2018,8,Everton,38,13,10,15,44,58,-14,49,19,19,28,22,16,36,10,4,5,3,6,10,"L,D,W,W,D,D,L,W,W,L,L,W,L,W,D,L,L,L,D,D,W,W,D,W,W,L,D,W,L,L,D,L,W,L,L,L,D,W","D,W,D,L,W,W,W,D,L,D,W,W,W,W,L,L,W,L,W","L,W,D,W,L,L,L,L,L,D,W,D,L,D,L,D,L,L,D"
2017-2018,9,Leicester,38,12,11,15,56,60,-4,47,19,19,25,22,31,38,7,6,6,5,5,9,"L,W,L,L,D,L,L,W,W,D,D,L,D,L,W,D,W,L,L,D,L,W,W,W,W,D,L,D,W,W,D,D,L,D,L,L,W,L","W,L,D,L,D,D,D,W,W,D,L,W,W,L,W,D,L,L,W","L,L,L,W,W,L,L,D,L,L,W,W,D,D,W,D,D,L,L"
2017-2018,10,Newcastle,38,12,8,18,39,47,-8,44,19,19,21,17,18,30,8,4,7,4,4,11,"W,L,L,L,L,W,W,W,W,L,D,W,D,D,L,D,W,D,L,W,L,L,L,L,D,L,L,L,L,W,D,D,L,W,W,W,L,L","W,L,W,W,W,W,D,D,D,L,L,L,L,L,W,D,W,W,L","L,L,L,W,L,D,D,L,W,W,L,L,D,L,L,D,L,W,L"
2017-2018,11,Crystal Palace,38,11,11,16,45,55,-10,44,19,19,29,27,16,28,7,5,7,4,6,9,"W,W,W,D,W,D,L,W,L,L,L,L,D,D,L,W,W,D,L,D,W,W,D,D,D,W,D,L,D,L,W,L,L,L,L,L,L,L","W,W,W,L,L,L,D,W,D,L,W,D,W,D,D,W,L,L,L","W,D,D,W,L,L,D,L,W,D,W,D,D,L,L,L,L,L,L"
2017-2018,12,Bournemouth,38,11,11,16,45,61,-16,44,19,19,26,30,19,31,7,5,7,4,6,9,"W,W,L,L,L,D,D,W,L,D,D,L,W,W,D,W,D,W,D,L,L,L,D,D,L,D,W,W,L,W,L,D,L,W,L,L,L,L","W,L,D,W,L,D,W,W,W,D,L,D,L,W,L,D,W,L,L","W,L,L,D,D,L,W,D,D,L,L,D,D,W,W,L,L,L,L"
2017-2018,13,West Ham,38,10,12,16,48,68,-20,42,19,19,24,26,24,42,7,6,6,3,6,10,"W,D,W,L,L,D,D,W,L,L,L,W,L,D,D,W,D,W,D,L,W,D,W,L,L,D,L,L,D,L,D,W,L,D,W,L,L,L","W,D,L,D,W,L,W,D,D,W,L,D,W,D,L,L,W,L,W","W,L,D,L,L,L,W,D,D,W,L,L,L,D,D,D,L,L,L"
2017-2018,14,Watford,38,11,8,19,44,64,-20,41,19,19,27,31,17,33,7,6,6,4,2,13,"L,W,L,D,L,L,D,L,L,W,W,L,W,D,L,D,L,L,W,L,L,L,L,D,L,W,W,L,L,L,W,D,W,L,W,D,W,D","W,D,L,D,W,W,W,D,L,W,L,D,L,W,L,W,L,D,D","L,L,L,L,L,L,D,L,L,L,L,L,W,L,L,D,W,W,W"
2017-2018,15,Brighton,38,9,13,16,34,54,-20,40,19,19,24,25,10,29,7,8,4,2,5,12,"L,L,W,D,D,L,D,L,L,W,W,D,W,D,L,L,D,D,L,W,D,L,L,L,D,L,D,W,D,W,D,L,W,L,W,D,L,L","W,D,D,L,W,W,W,L,D,W,D,L,D,D,D,D,W,W,L","L,L,D,L,L,D,D,L,D,L,L,L,L,W,W,L,L,D,L"
2017-2018,16,Huddersfield,38,9,10,19,28,58,-30,37,19,19,16,25,12,33,6,5,8,3,5,11,"L,D,D,L,W,D,L,L,D,L,W,W,L,L,L,L,L,D,D,D,W,L,W,L,L,L,L,W,L,W,L,L,D,D,L,D,W,W","L,L,W,L,D,W,L,L,D,D,L,W,L,W,W,L,D,D,W","D,D,D,L,L,W,L,L,L,D,W,L,L,L,L,L,D,L,W"
2017-2018,17,Southampton,38,7,15,16,37,56,-19,36,19,19,20,26,17,30,4,7,8,3,8,8,"L,W,D,W,D,L,L,L,L,D,D,L,W,D,D,D,L,D,L,D,L,L,D,D,L,W,L,L,D,W,D,L,L,W,L,D,W,D","L,W,L,D,L,D,D,L,D,L,D,W,L,W,D,L,L,W,D","W,D,D,L,L,L,D,W,D,D,L,L,D,L,L,D,L,W,D"
2017-2018,18,Swansea,38,8,9,21,28,56,-28,33,19,19,17,24,11,32,6,3,10,2,6,11,"L,L,L,L,L,D,D,L,D,W,L,W,D,W,W,D,L,W,L,D,L,L,W,L,L,D,L,L,L,L,W,L,L,D,L,W,L,D","L,L,L,D,W,W,W,W,L,D,L,W,D,L,L,W,L,L,L","L,L,D,L,D,L,D,D,W,L,L,L,L,L,L,L,D,W,D"
2017-2018,19,Stoke,38,7,12,19,35,68,-33,33,19,19,20,30,15,38,5,5,9,2,7,10,"W,L,D,D,D,L,L,L,L,D,D,D,L,D,W,L,L,L,D,W,L,L,L,W,L,L,D,D,W,L,L,W,L,L,D,D,W,L","L,D,L,L,L,D,D,W,L,W,L,W,L,D,L,W,L,D,W","W,D,D,L,D,D,L,L,L,D,L,L,L,D,W,L,L,D,L"
2017-2018,20,West Brom,38,6,13,19,31,56,-25,31,19,19,21,29,10,27,3,9,7,3,4,12,"L,W,W,D,W,D,L,L,L,L,L,L,L,L,D,W,L,D,D,L,L,D,L,D,D,D,L,L,L,L,D,D,L,D,L,D,W,W","W,D,D,L,L,L,L,W,D,D,L,D,D,L,L,D,D,D,W","L,W,W,L,L,L,L,D,L,L,D,L,D,L,L,D,L,L,W"
2018-2019,1,Man City,38,32,2,4,95,23,72,98,19,19,57,12,38,11,18,0,1,14,2,3,"W,W,W,W,W,W,W,W,W,W,W,W,W,W,L,W,W,W,W,L,L,W,L,W,W,W,W,W,W,W,D,W,W,W,W,D,W,W","W,W,W,W,W,W,W,W,W,L,W,W,W,W,W,W,W,W,W","W,W,W,W,W,W,W,L,W,W,L,L,W,W,W,D,W,D,W"
2018-2019,2,Liverpool,38,30,7,1,89,22,67,97,19,19,55,10,34,12,17,2,0,13,5,1,"W,W,W,W,W,W,W,W,W,D,W,D,W,D,D,W,W,L,W,W,W,W,W,W,W,W,W,D,W,W,D,D,W,W,W,W,W,W","W,W,W,W,W,W,W,D,W,W,W,W,W,W,W,D,W,W,W","W,W,W,W,D,D,D,W,L,W,W,W,W,D,W,D,W,W,W"
2018-2019,3,Chelsea,38,21,9,8,63,39,24,72,19,19,39,12,24,27,12,6,1,9,3,7,"D,W,D,D,L,W,W,W,L,D,W,W,L,W,L,L,W,D,W,W,L,W,W,L,W,L,D,W,W,D,W,D,D,W,W,W,W,W","W,D,W,W,D,W,W,W,D,L,W,W,D,W,D,D,W,W,W","D,D,L,W,L,W,L,L,L,W,W,W,L,L,W,W,D,W,W"
2018-2019,4,Spurs,38,23,2,13,67,39,28,71,19,19,34,16,33,23,12,2,5,11,0,8,"D,L,L,W,L,W,W,L,L,D,L,L,W,W,W,W,L,W,L,W,W,W,W,W,L,W,W,W,L,W,W,W,W,L,L,W,W,W","D,L,W,W,W,D,W,W,W,L,L,W,W,W,W,L,W,L,W","L,L,L,L,L,L,W,W,W,W,L,W,W,W,W,W,L,W,W"
2018-2019,5,Arsenal,38,21,7,10,73,51,22,70,19,19,42,16,31,35,14,3,2,7,4,8,"W,D,L,L,L,W,L,W,W,D,W,W,W,L,W,W,L,W,L,D,W,L,W,D,W,W,D,D,D,W,W,W,W,W,W,W,L,L","D,L,W,W,W,W,W,W,W,W,W,W,D,D,W,W,W,W,L","W,L,L,W,L,D,W,L,L,L,D,L,D,W,D,W,W,W,L"
2018-2019,6,Man Utd,38,19,9,10,65,54,11,66,19,19,33,25,32,29,10,6,3,9,3,7,"L,D,D,L,L,W,L,W,L,W,W,D,W,W,D,W,W,W,W,W,W,L,W,D,D,D,L,W,W,D,W,L,D,W,W,L,L,W","L,D,L,W,W,W,D,D,W,W,W,W,D,D,W,W,D,L,W","D,L,L,L,W,W,W,W,W,W,L,D,L,W,D,L,W,W,L"
2018-2019,7,Wolves,38,16,9,13,47,46,1,57,19,19,28,21,19,25,10,4,5,6,5,8,"L,W,W,W,D,L,W,L,D,W,L,D,D,W,W,W,L,L,W,D,L,W,W,W,L,L,D,L,L,L,W,W,D,W,W,D,L,D","W,W,D,W,W,D,W,W,L,L,W,W,L,L,L,W,W,D,D","L,W,L,L,D,L,D,W,L,W,D,W,L,D,L,W,D,W,L"
2018-2019,8,Everton,38,15,9,14,54,46,8,54,19,19,30,21,24,25,10,4,5,5,5,9,"D,W,D,W,L,W,W,W,L,D,W,L,L,L,W,L,W,L,L,W,L,L,D,D,L,W,D,W,L,W,W,W,L,L,D,D,W,D","W,W,W,W,D,L,L,W,L,L,D,D,W,W,W,W,L,D,W","D,D,L,W,L,W,L,W,L,L,W,L,L,D,L,W,L,D,D"
2018-2019,9,Leicester,38,15,7,16,51,48,3,52,19,19,24,20,27,28,8,3,8,7,4,8,"D,L,W,D,L,W,W,W,W,L,W,L,L,L,D,L,L,W,L,W,W,L,L,D,W,D,D,W,D,L,L,W,W,L,L,W,W,L","D,W,L,W,W,W,L,L,L,L,W,L,W,D,D,L,W,L,W","L,D,W,W,L,L,D,L,W,W,L,D,D,W,L,W,L,W,L"
2018-2019,10,West Ham,38,15,7,16,52,55,-3,52,19,19,32,27,20,28,9,4,6,6,3,10,"W,W,W,D,L,L,L,W,L,W,L,W,D,D,L,L,W,D,L,W,L,W,W,W,W,L,D,W,D,L,L,W,D,W,L,L,L,L","W,D,L,W,W,W,D,W,D,L,W,W,L,W,L,W,D,L,L","W,W,L,L,L,L,D,L,L,L,W,W,W,D,D,L,W,L,L"
2018-2019,11,Watford,38,14,8,16,52,59,-7,50,19,19,26,28,26,31,8,3,8,6,5,8,"L,L,L,D,W,L,W,L,L,W,L,W,W,D,L,D,W,D,D,L,W,W,D,L,L,L,D,L,W,W,L,L,D,L,W,W,W,W","L,L,D,L,W,W,W,D,D,L,W,L,L,W,L,L,W,W,W","L,W,L,L,L,W,D,L,W,D,W,D,L,D,L,W,L,D,W"
2018-2019,12,Crystal Palace,38,14,7,17,51,53,-2,49,19,19,19,23,32,30,5,5,9,9,2,8,"W,W,D,W,L,W,L,W,L,W,L,W,D,W,D,L,L,W,L,D,W,W,L,L,W,D,L,L,D,L,L,L,D,W,L,L,L,W","W,D,L,W,L,L,D,W,L,L,D,W,W,L,D,L,D,L,L","W,W,W,L,W,W,D,L,W,W,L,L,D,L,L,L,W,L,W"
2018-2019,13,Newcastle,38,12,9,17,42,48,-6,45,19,19,24,25,18,23,8,1,10,4,8,7,"W,L,D,W,W,L,L,D,W,L,W,W,D,L,W,W,L,L,D,L,D,W,L,D,L,W,W,W,D,L,L,L,D,L,L,L,D,L","L,W,L,W,W,W,W,W,L,D,L,L,W,W,L,L,L,L,L","W,D,W,L,D,L,D,L,L,D,L,W,D,W,D,L,D,L,D"
2018-2019,14,Bournemouth,38,13,6,19,56,70,-14,45,19,19,30,25,26,45,8,5,6,5,1,13,"L,W,D,L,W,L,L,D,W,L,L,D,L,L,W,W,L,D,L,L,W,L,L,W,L,L,L,L,W,D,W,W,L,W,L,D,W,W","W,L,L,D,L,D,W,W,D,W,L,W,L,L,D,W,W,D,W","L,D,W,L,W,L,L,L,L,L,L,L,L,L,W,W,L,L,W"
2018-2019,15,Burnley,38,11,7,20,45,68,-23,40,19,19,24,32,21,36,7,2,10,4,5,10,"L,L,L,D,W,W,W,L,L,L,L,W,W,D,D,D,W,W,W,L,L,L,W,L,L,L,D,L,L,L,D,W,W,L,L,L,L,D","L,L,W,W,L,L,W,D,W,W,L,W,L,L,L,D,W,L,L","L,D,W,L,L,W,D,D,W,L,L,L,D,L,L,W,L,L,D"
2018-2019,16,Southampton,38,9,12,17,45,65,-20,39,19,19,27,30,18,35,5,8,6,4,4,11,"D,L,D,D,L,W,L,W,W,L,W,L,L,D,D,W,W,D,L,L,W,W,L,L,D,L,D,L,D,D,L,L,L,D,W,L,L,D","D,D,W,L,W,W,L,D,W,L,L,W,D,D,D,L,D,L,D","L,D,L,W,L,L,D,W,D,W,L,L,L,L,D,L,L,W,L"
2018-2019,17,Brighton,38,9,9,20,35,60,-25,36,19,19,19,28,16,32,6,5,8,3,4,12,"L,D,D,L,D,L,L,L,L,W,W,L,L,D,L,L,L,D,W,D,L,L,L,W,W,D,L,L,W,W,W,L,L,D,D,L,W,L","L,D,L,L,L,W,L,D,L,W,D,L,W,D,W,W,L,D,W","D,L,D,L,W,L,L,L,D,L,L,W,L,L,W,L,D,L,L"
2018-2019,18,Cardiff,38,10,4,24,34,69,-35,34,19,19,21,38,13,31,6,2,11,4,2,13,"W,L,L,L,W,L,L,L,W,L,L,L,W,W,L,L,D,L,W,D,L,L,W,L,W,L,W,L,L,W,L,L,L,L,L,D,D,L","L,L,L,W,L,L,W,D,L,L,W,W,W,L,W,L,L,L,D","W,L,W,L,L,L,W,L,L,W,D,L,L,L,L,L,L,D,L"
2018-2019,19,Fulham,38,7,5,26,34,81,-47,26,19,19,22,36,12,45,6,3,10,1,2,16,"L,L,W,W,W,L,L,L,L,L,L,L,L,L,W,L,L,L,W,D,D,L,L,D,L,W,L,L,L,L,L,L,D,L,D,W,L,L","L,W,W,L,L,L,L,W,L,W,D,L,D,W,L,L,D,W,L","L,W,L,L,L,L,L,L,L,D,L,L,L,L,L,L,L,D,L"
2018-2019,20,Huddersfield,38,3,7,28,22,76,-54,16,19,19,10,31,12,45,2,3,14,1,4,14,"D,D,L,L,L,L,L,L,L,L,W,L,L,L,L,L,D,L,L,L,L,L,L,L,L,W,D,W,L,L,D,L,L,L,D,D,L,L","D,L,L,L,W,L,L,L,L,L,L,L,D,W,L,L,L,D,L","D,L,L,L,L,L,L,L,D,L,L,L,L,W,L,D,L,D,L"
2019-2020,1,Liverpool,38,32,3,3,85,33,52,99,19,19,52,16,33,17,18,1,0,14,2,3,"W,W,L,D,W,W,L,W,D,W,L,W,W,W,W,W,W,W,W,W,W,W,W,W,W,W,W,W,W,D,W,W,W,W,W,W,W,W","W,D,W,W,W,W,W,W,W,W,W,W,W,W,W,W,W,W,W","W,L,W,L,D,L,W,W,W,W,W,W,W,W,D,W,W,W,W"
2019-2020,2,Man City,38,26,3,9,102,35,67,81,19,19,57,13,45,22,15,2,2,11,1,7,"W,W,W,W,W,L,W,L,W,W,L,W,W,L,W,D,W,W,W,L,W,W,L,W,D,W,L,W,W,W,L,W,W,L,W,W,D,W","W,W,W,W,W,W,W,D,W,W,W,L,W,W,W,L,W,W,D","W,W,L,L,L,W,L,W,W,L,W,W,D,L,W,W,L,W,W"
2019-2020,3,Man Utd,38,18,12,8,66,36,30,66,19,19,40,17,26,19,10,7,2,8,5,6,"W,D,W,D,W,W,W,W,D,W,D,W,W,D,L,L,W,L,W,W,L,D,W,W,D,D,W,L,W,D,L,D,L,W,D,L,D,W","D,D,W,W,W,W,D,L,W,W,D,W,D,W,D,D,W,L,W","W,W,W,W,D,D,W,L,L,W,L,W,D,L,W,L,L,D,D"
2019-2020,4,Chelsea,38,20,6,12,69,54,15,66,19,19,30,16,39,38,11,3,5,9,3,7,"W,L,W,L,W,W,L,W,W,W,D,W,L,D,D,L,W,D,W,L,W,L,L,W,L,L,W,W,W,W,W,W,L,W,D,W,D,L","W,W,W,W,W,W,L,D,W,L,L,W,L,W,W,W,L,D,D","L,L,W,L,W,D,D,L,D,W,W,L,L,W,W,W,W,W,L"
2019-2020,5,Leicester,38,18,8,12,67,41,26,62,19,19,35,17,32,24,11,4,4,7,4,8,"L,L,W,L,D,W,L,D,D,W,L,L,D,D,W,L,L,W,W,L,L,D,W,W,W,W,W,W,W,W,L,W,W,L,W,W,D,D","L,W,W,D,W,L,D,W,L,L,D,W,W,W,W,W,W,W,D","L,L,D,L,D,L,D,L,W,W,L,W,W,W,W,L,L,W,D"
2019-2020,6,Spurs,38,16,11,11,61,47,14,59,19,19,36,17,25,30,12,3,4,4,8,7,"D,W,W,W,D,W,L,W,D,D,L,L,W,W,W,D,L,L,D,W,L,W,W,L,W,W,D,D,L,D,L,W,L,W,D,L,D,W","W,W,W,W,D,L,W,W,L,W,L,W,W,D,D,W,W,L,W","D,W,D,L,D,L,W,D,L,D,W,L,W,D,L,L,L,D,D"
2019-2020,7,Wolves,38,15,14,9,51,40,11,59,19,19,27,19,24,21,8,7,4,7,7,5,"L,W,D,W,L,L,W,W,W,D,W,W,D,D,L,W,D,L,L,W,W,L,D,W,D,W,W,D,D,D,W,W,D,L,L,D,D,D","W,W,L,W,D,W,D,L,D,W,L,W,D,W,D,W,L,D,D","L,D,L,W,W,W,D,W,L,L,W,D,W,D,D,W,D,L,D"
2019-2020,8,Arsenal,38,14,14,10,56,48,8,56,19,19,36,24,20,24,10,6,3,4,8,7,"W,L,W,L,D,W,W,W,L,L,W,W,W,D,D,D,D,W,L,D,D,L,W,L,D,D,L,D,D,L,W,D,W,D,D,L,W,W","W,W,D,W,W,W,W,D,W,L,L,L,D,D,D,W,W,D,W","L,L,W,W,L,L,D,D,D,D,D,W,D,L,L,D,D,L,W"
2019-2020,9,Sheffield Utd,38,14,12,12,39,39,0,54,19,19,24,15,15,24,10,3,6,4,9,6,"L,L,L,W,W,D,W,L,L,D,W,D,W,W,L,D,W,L,L,D,W,W,W,L,D,D,D,W,D,W,D,L,W,L,D,L,W,D","L,W,W,W,W,D,W,L,W,D,W,L,D,W,W,L,L,L,W","L,L,D,L,L,D,W,D,L,L,W,W,D,D,D,D,W,D,D"
2019-2020,10,Burnley,38,15,9,14,43,50,-7,54,19,19,24,23,19,27,8,4,7,7,5,7,"L,W,D,D,W,D,W,W,L,D,D,W,W,D,W,W,L,L,L,L,W,W,L,L,L,W,W,L,L,L,W,D,W,D,L,D,L,W","L,D,D,W,D,W,D,W,L,L,W,L,L,W,L,W,W,L,W","W,D,W,W,L,D,W,W,L,L,W,L,W,L,L,D,D,D,L"
2019-2020,11,Southampton,38,15,7,16,51,60,-9,52,19,19,21,35,30,25,6,3,10,9,4,6,"W,W,D,D,D,W,W,L,W,L,L,W,L,L,W,L,W,W,D,W,W,L,L,W,W,D,L,L,L,D,L,L,L,W,D,W,L,L","W,D,W,L,L,W,L,L,W,D,L,W,W,L,L,L,L,D,L","W,D,D,W,W,L,L,W,W,W,W,L,D,L,D,L,W,W,L"
2019-2020,12,Everton,38,13,10,15,44,56,-12,49,19,19,24,21,20,35,8,7,4,5,3,11,"L,W,D,L,D,L,W,W,D,L,D,L,W,W,D,D,W,L,W,W,D,D,W,L,L,L,W,D,L,W,L,L,L,L,W,L,W,D","L,D,D,W,D,D,W,D,W,W,D,W,L,D,W,L,L,W,W","W,L,L,W,L,L,W,D,L,W,D,L,L,W,L,L,L,L,D"
2019-2020,13,Newcastle,38,11,11,16,38,58,-20,44,19,19,20,21,18,37,6,8,5,5,3,11,"L,D,L,L,L,D,W,D,W,W,D,L,L,D,D,W,D,L,L,L,W,L,W,W,D,L,W,W,D,L,W,L,D,L,D,W,L,L","L,L,D,D,W,D,D,W,L,L,W,W,D,W,D,W,D,D,L","D,L,L,W,W,L,L,D,D,L,L,W,L,W,L,L,L,W,L"
2019-2020,14,Crystal Palace,38,11,10,17,31,50,-19,43,19,19,15,20,16,30,6,5,8,5,5,9,"D,L,L,L,L,L,L,L,W,W,W,W,L,L,L,D,D,D,D,W,L,D,D,W,W,L,L,L,D,L,W,W,D,L,W,W,L,D","D,L,L,L,W,W,L,L,D,W,D,W,L,L,L,W,D,W,D","L,L,L,L,W,W,L,D,D,D,L,D,W,L,D,W,L,W,L"
2019-2020,15,Brighton,38,9,14,15,39,54,-15,41,19,19,20,27,19,27,5,7,7,4,7,8,"W,D,D,L,L,W,L,D,W,D,L,D,D,D,L,D,L,D,W,L,L,D,D,W,L,L,L,W,W,L,W,L,D,D,L,L,D,W","D,L,L,L,W,L,D,D,D,W,L,D,L,W,W,W,D,L,D","W,D,W,D,D,D,D,L,L,L,D,W,L,L,L,L,D,L,W"
2019-2020,16,West Ham,38,10,9,19,49,62,-13,39,19,19,30,33,19,29,6,4,9,4,5,10,"D,D,W,W,L,D,W,L,L,L,W,L,L,D,L,L,D,L,W,L,L,W,L,L,W,L,L,L,D,L,L,D,W,D,W,W,D,L","D,W,L,W,L,W,D,L,D,W,L,L,L,L,D,L,W,W,L","D,W,D,L,L,L,L,L,L,L,W,L,W,L,L,D,D,W,D"
2019-2020,17,Aston Villa,38,9,8,21,41,67,-26,35,19,19,22,30,19,37,7,3,9,2,5,12,"D,W,D,W,L,L,L,D,L,D,L,L,L,L,W,D,L,W,L,W,L,L,L,L,D,W,L,L,L,W,W,D,L,D,L,W,L,L","W,W,L,L,L,D,L,W,L,W,L,L,W,L,W,D,D,W,L","D,D,L,D,L,L,L,D,W,L,L,L,D,L,L,W,L,L,L"
2019-2020,18,Bournemouth,38,9,7,22,40,65,-25,34,19,19,22,30,18,35,5,6,8,4,1,14,"W,L,L,W,D,L,L,L,L,L,D,L,L,W,W,L,L,L,L,D,L,W,L,L,L,L,L,W,D,D,L,D,W,W,L,L,W,D","L,W,D,L,L,D,W,W,L,D,L,L,L,W,D,D,W,L,D","W,L,L,L,L,L,L,L,L,L,W,L,L,L,D,L,W,L,W"
2019-2020,19,Watford,38,8,10,20,36,64,-28,34,19,19,22,27,14,37,6,6,7,2,4,13,"L,L,L,W,W,L,L,L,D,L,W,L,D,L,L,D,W,W,W,D,W,L,D,L,L,L,W,L,D,D,D,L,L,D,D,L,L,L","L,W,W,L,D,W,L,D,W,W,W,D,L,L,D,D,D,L,L","L,L,L,L,L,L,D,L,W,D,L,L,L,W,D,L,L,D,L"
2019-2020,20,Norwich,38,5,6,27,26,75,-49,21,19,19,19,37,7,38,4,3,12,1,3,15,"L,L,L,L,L,L,L,L,L,L,W,L,L,D,L,W,L,D,D,L,L,D,L,L,D,W,L,L,L,D,L,L,L,W,L,L,W,L","L,L,L,L,L,W,L,W,D,D,L,L,D,L,L,L,W,L,W","L,L,L,L,L,L,D,L,L,L,D,L,W,L,D,L,L,L,L"
2020-2021,1,Man City,38,27,5,6,83,32,51,86,19,19,43,17,40,15,13,2,4,14,3,2,"W,L,W,L,W,W,L,W,W,W,L,W,W,W,W,W,W,W,W,W,W,W,W,W,W,W,D,D,W,W,L,D,W,D,W,D,L,W","W,L,L,W,L,W,W,W,W,W,W,W,W,D,W,W,D,W,L","L,W,W,W,W,W,W,W,W,W,W,W,W,D,L,W,D,D,W"
2020-2021,2,Man Utd,38,21,11,6,73,44,29,74,19,19,38,28,35,16,9,4,6,12,7,0,"W,D,L,L,W,D,W,W,W,W,W,D,D,W,D,D,W,D,L,W,D,W,W,W,D,W,W,D,W,W,W,W,L,D,W,L,W,L","D,L,L,W,W,W,W,D,W,L,W,W,W,D,W,L,D,L,L","W,W,D,W,W,D,D,D,D,W,D,W,D,W,W,W,W,W,W"
2020-2021,3,Liverpool,38,20,9,9,68,42,26,69,19,19,29,20,39,22,10,3,6,10,6,3,"W,W,W,W,W,D,D,W,W,W,L,L,W,L,L,L,L,W,W,L,D,L,D,D,W,W,D,W,D,W,D,W,W,D,L,W,W,W","W,W,D,W,L,L,L,L,L,L,D,D,W,W,W,W,W,W,W","W,W,W,D,W,W,W,L,W,W,L,D,W,D,D,D,D,L,W"
2020-2021,4,Chelsea,38,19,10,9,58,36,22,67,19,19,31,18,27,18,9,6,4,10,4,5,"L,W,L,W,W,W,D,W,L,D,W,W,D,D,W,W,W,W,D,L,W,L,D,L,W,L,L,W,D,W,W,W,D,D,W,D,L,W","W,L,W,D,L,W,D,W,W,D,L,D,W,W,D,W,D,W,L","L,W,W,W,D,W,D,W,W,L,W,L,L,L,W,W,D,D,W"
2020-2021,5,Leicester,38,20,6,12,68,50,18,66,19,19,34,30,34,20,9,1,9,11,5,3,"L,L,W,L,D,W,W,L,L,W,W,D,L,W,W,D,W,L,D,W,W,W,D,D,W,L,W,W,L,L,W,W,W,L,L,W,W,W","L,L,W,W,L,W,L,W,L,W,W,D,L,W,L,W,L,L,W","L,W,D,L,W,D,W,D,W,D,W,D,W,W,L,W,W,W,W"
2020-2021,6,West Ham,38,19,8,11,62,47,15,65,19,19,32,22,30,25,10,4,5,9,4,6,"W,W,D,L,W,L,L,W,W,D,L,W,L,W,W,D,W,L,W,W,W,W,D,D,L,D,W,L,W,W,W,L,D,D,W,W,L,L","W,L,L,W,D,W,W,W,L,W,W,D,D,L,W,W,D,W,L","W,D,W,L,W,L,L,D,W,W,W,D,L,W,W,L,D,W,L"
2020-2021,7,Spurs,38,18,8,12,68,45,23,62,19,19,35,20,33,25,10,3,6,8,5,6,"W,L,W,L,W,W,D,L,D,W,L,W,W,W,L,L,W,L,L,L,W,D,W,D,L,L,D,W,D,W,W,W,W,D,W,D,W,L","L,W,W,W,L,W,W,W,L,L,D,W,L,W,W,W,D,D,L","W,L,D,D,W,L,W,L,L,L,W,D,L,D,D,W,W,W,W"
2020-2021,8,Arsenal,38,18,7,13,55,39,16,61,19,19,24,21,31,18,8,4,7,10,3,6,"W,W,W,W,W,L,D,W,L,D,W,D,W,L,W,L,L,D,W,W,D,W,W,W,L,D,L,L,L,D,L,W,L,L,W,L,W,W","W,W,L,D,L,W,L,W,D,W,D,W,D,L,L,L,L,W,W","W,W,W,W,D,D,W,L,L,W,W,W,L,L,D,W,L,L,W"
2020-2021,9,Leeds,38,18,5,15,62,54,8,59,19,19,28,21,34,33,8,5,6,10,0,9,"W,W,W,W,L,D,D,W,W,W,D,L,L,W,L,L,W,L,W,W,L,L,W,W,L,W,L,L,W,D,L,L,W,L,D,W,W,L","W,W,D,D,W,D,L,W,W,L,L,W,W,L,D,L,L,D,W","W,W,L,W,W,L,L,L,W,W,L,W,L,L,W,L,W,W,L"
2020-2021,10,Everton,38,17,8,13,47,48,-1,59,19,19,24,28,23,20,6,4,9,11,4,4,"L,W,L,D,W,L,W,D,D,D,L,L,W,W,W,L,L,D,W,L,D,W,L,W,W,W,W,D,L,W,L,L,L,D,W,W,W,W","W,L,L,D,D,L,W,L,L,L,D,L,W,W,L,L,D,W,W","L,D,W,W,D,L,W,W,D,W,W,W,W,D,W,L,L,W,W"
2020-2021,11,Aston Villa,38,16,7,15,55,46,9,55,19,19,29,27,26,19,7,4,8,9,3,7,"W,W,L,D,L,W,D,L,L,W,L,D,D,L,W,L,D,W,L,W,L,W,L,L,D,W,W,D,W,L,L,W,L,L,W,W,W,W","W,D,L,D,L,W,L,D,L,W,L,W,W,D,L,L,L,W,W","W,L,W,L,D,L,W,D,W,L,L,L,D,W,W,L,W,W,W"
2020-2021,12,Newcastle,38,12,9,17,46,62,-16,45,19,19,26,33,20,29,6,5,8,6,4,9,"W,W,L,W,L,D,W,W,D,L,D,D,D,L,L,W,L,W,L,L,L,L,L,D,L,D,L,W,W,L,L,W,D,L,W,D,L,W","W,L,L,W,D,D,D,W,L,L,L,D,D,W,L,W,L,W,L","W,W,D,W,L,D,L,L,W,L,L,L,L,L,W,L,D,D,W"
2020-2021,13,Wolves,38,12,9,17,36,52,-16,45,19,19,21,25,15,27,7,4,8,5,5,9,"L,L,L,W,D,L,W,W,L,L,D,L,D,W,W,D,W,L,D,L,L,D,L,D,L,W,L,L,W,D,L,W,D,W,W,L,L,W","L,W,L,W,L,L,W,D,W,L,L,D,W,L,D,W,D,W,L","L,L,D,W,D,L,D,W,L,D,D,L,L,L,W,L,W,L,W"
2020-2021,14,Crystal Palace,38,12,8,18,41,66,-25,44,19,19,20,32,21,34,6,5,8,6,3,10,"L,L,W,L,W,L,L,L,D,W,L,D,D,W,L,L,W,W,L,L,D,W,D,L,L,D,D,W,L,L,W,L,W,D,L,L,W,W","L,W,L,L,W,D,D,L,W,L,W,D,L,D,L,W,D,L,W","L,L,W,L,D,L,W,L,W,L,D,L,D,W,L,L,W,L,W"
2020-2021,15,Southampton,38,12,7,19,47,68,-21,43,19,19,28,25,19,43,8,3,8,4,4,11,"L,L,W,W,L,D,L,L,W,L,L,W,L,L,D,L,L,L,L,L,L,W,D,D,L,D,W,W,L,D,W,W,W,D,W,W,L,L","L,W,W,D,W,L,D,L,L,L,W,D,L,W,L,W,W,W,L","L,L,L,L,L,W,L,L,L,L,L,D,D,W,D,W,D,W,L"
2020-2021,16,Brighton,38,9,14,15,40,46,-6,41,19,19,22,22,18,24,4,9,6,5,5,9,"L,W,D,L,W,L,D,D,L,W,W,L,L,L,D,D,W,W,D,W,L,D,L,D,D,D,L,L,D,W,D,L,D,D,L,L,W,L","W,D,W,D,W,L,L,D,W,D,D,L,D,L,D,D,D,L,L","L,L,L,D,L,W,L,D,W,W,L,D,D,L,W,L,D,L,W"
2020-2021,17,Burnley,38,10,9,19,33,55,-22,39,19,19,14,27,19,28,4,6,9,6,3,10,"L,L,L,W,L,W,L,L,L,W,D,D,L,D,D,W,D,L,L,W,W,L,L,W,L,W,D,W,D,L,W,D,L,L,D,L,L,L","L,L,L,L,D,D,D,D,D,L,W,L,W,W,D,W,L,L,L","L,W,W,L,L,W,L,W,L,W,L,L,D,W,L,D,D,L,L"
2020-2021,18,Fulham,38,5,13,20,27,53,-26,28,19,19,9,28,18,25,2,4,13,3,9,7,"L,D,L,L,L,D,L,L,L,L,W,L,D,W,D,W,D,L,D,D,L,L,D,D,D,D,D,L,W,L,L,W,L,D,L,L,L,L","L,L,L,L,L,L,W,D,L,L,L,D,D,D,L,W,L,L,L","D,L,L,D,L,W,D,D,W,D,D,D,D,L,W,L,D,L,L"
2020-2021,19,West Brom,38,5,11,22,35,76,-41,26,19,19,15,39,20,37,3,6,10,2,5,12,"L,L,L,L,D,D,L,W,W,L,D,L,W,D,D,L,L,D,L,L,W,L,L,D,L,D,L,L,W,L,L,L,D,D,L,D,L,L","L,L,D,W,D,L,W,D,D,L,L,L,L,L,W,L,D,D,L","L,L,D,L,W,L,D,L,L,L,W,D,D,L,L,L,D,L,L"
2020-2021,20,Sheffield Utd,38,7,2,29,20,63,-43,23,19,19,12,27,8,36,5,1,13,2,1,16,"W,L,W,L,L,W,L,L,L,L,L,W,L,L,L,L,W,L,W,L,W,L,L,L,D,L,L,L,L,L,L,L,L,D,L,L,L,L","W,L,W,L,L,W,L,L,W,L,W,L,L,L,L,L,D,L,L","L,W,L,L,L,L,L,L,L,W,L,L,D,L,L,L,L,L,L"
2021-2022,1,Man City,38,29,6,3,99,26,73,93,19,19,58,15,41,11,15,2,2,14,4,1,"W,D,W,W,W,W,W,D,W,D,W,W,L,W,W,D,W,W,W,W,W,W,W,W,W,W,W,W,L,W,W,D,W,D,W,W,W,L","W,W,W,W,D,W,L,W,W,W,W,W,W,W,L,W,D,W,W","D,W,W,W,D,W,W,D,W,W,W,W,W,W,W,D,W,W,L"
2021-2022,2,Liverpool,38,28,8,2,94,26,68,92,19,19,49,9,45,17,15,4,0,13,4,2,"W,W,W,D,W,W,W,D,W,W,W,W,W,W,W,W,W,W,D,L,D,W,W,W,W,W,W,L,D,W,W,D,D,W,W,D,W,W","W,D,W,W,W,W,W,W,W,W,W,W,W,W,D,D,W,D,W","W,W,W,D,W,W,W,W,D,L,D,W,W,L,W,W,D,W,W"
2021-2022,3,Chelsea,38,21,11,6,76,33,43,74,19,19,37,22,39,11,9,7,3,12,4,3,"W,D,W,D,L,D,W,L,W,L,W,W,W,W,W,D,L,D,D,W,D,D,W,L,W,D,W,D,W,W,W,W,L,W,W,D,W,W","W,D,D,W,L,L,W,W,D,D,D,W,D,D,W,W,L,W,W","W,L,D,W,W,W,W,D,L,W,D,L,W,W,W,W,W,D,W"
2021-2022,4,Spurs,38,22,5,11,69,40,29,71,19,19,38,19,31,21,13,1,5,9,4,6,"W,W,W,D,W,D,L,W,W,W,W,L,W,W,L,W,L,L,L,W,W,D,W,D,W,W,W,D,L,L,W,W,L,L,L,W,W,W","W,W,W,L,W,W,W,L,L,W,D,W,W,W,L,W,L,W,W","W,D,D,W,W,L,W,L,W,L,W,W,D,D,L,W,L,L,W"
2021-2022,5,Arsenal,38,22,3,13,61,48,13,69,19,19,35,17,26,31,13,2,4,9,1,9,"W,L,L,W,W,W,W,L,L,L,W,L,W,W,W,W,W,D,L,W,W,W,W,L,L,W,L,W,W,W,D,D,W,W,W,L,L,L","W,W,W,L,L,W,W,W,D,L,W,W,W,W,W,D,W,W,L","L,L,W,W,L,L,W,W,W,W,W,L,L,L,W,D,W,L,L"
2021-2022,6,Man Utd,38,16,10,12,57,57,0,58,19,19,32,22,25,35,10,5,4,6,5,8,"L,L,W,D,L,L,W,L,D,W,L,D,W,W,D,D,W,W,D,L,W,D,W,W,W,D,L,L,W,L,L,D,L,W,W,W,D,W","W,D,W,D,W,D,W,D,W,L,W,W,W,L,L,D,L,W,W","L,L,L,L,L,L,W,D,W,D,D,W,D,L,W,L,W,W,D"
2021-2022,7,West Ham,38,16,8,14,60,51,9,56,19,19,33,26,27,25,9,5,5,7,3,9,"L,D,W,L,L,D,L,W,L,W,L,W,D,D,W,L,L,W,W,W,L,L,D,W,D,L,L,W,W,W,W,L,W,L,D,D,W,W","D,L,D,W,W,W,D,W,L,W,L,W,D,W,W,L,L,D,W","L,W,L,L,L,L,D,L,W,W,L,D,L,L,W,W,W,D,W"
2021-2022,8,Leicester,38,14,10,14,62,59,3,52,19,19,34,23,28,36,10,4,5,4,6,9,"W,D,W,W,L,L,D,D,L,W,D,W,L,W,W,L,D,L,D,L,W,L,W,L,D,W,L,D,L,W,W,D,D,L,L,W,L,W","W,W,L,D,W,W,W,D,D,L,W,W,W,L,L,W,D,L,W","D,W,L,D,L,D,L,W,L,L,L,L,D,D,W,D,L,W,L"
2021-2022,9,Brighton,38,12,15,11,42,44,-2,51,19,19,19,23,23,21,5,7,7,7,8,4,"W,D,W,W,D,L,W,W,D,L,L,L,L,L,L,W,D,D,D,W,D,W,L,D,D,D,L,D,D,L,D,D,D,W,W,L,W,W","W,W,D,D,L,L,L,L,D,D,W,L,D,D,L,D,W,L,W","D,W,L,W,W,L,L,W,D,W,D,D,D,L,D,D,D,W,W"
2021-2022,10,Wolves,38,15,6,17,38,43,-5,51,19,19,20,25,18,18,7,3,9,8,3,8,"L,D,L,D,L,L,L,W,L,W,W,L,L,L,W,W,L,W,W,W,D,W,L,L,D,D,W,L,W,D,W,W,W,L,W,L,L,L","D,L,L,W,L,W,L,W,L,W,D,L,D,W,W,W,L,L,L","L,D,L,L,W,L,L,W,W,W,W,L,D,L,D,W,W,W,L"
2021-2022,11,Newcastle,38,13,10,15,44,62,-18,49,19,19,26,27,18,35,8,6,5,5,4,10,"W,W,L,L,W,W,W,W,L,L,L,W,W,W,D,W,W,W,D,D,L,L,L,W,D,L,D,D,L,D,L,L,D,D,L,D,L,L","W,L,W,W,W,W,W,W,D,D,L,W,D,D,L,L,D,D,L","W,L,W,L,L,L,W,W,D,W,L,L,L,D,D,L,D,L,L"
2021-2022,12,Crystal Palace,38,11,15,12,50,46,4,48,19,19,27,17,23,29,7,8,4,4,7,8,"W,L,D,W,W,D,L,L,W,D,W,D,W,L,D,D,L,D,L,W,L,D,W,L,L,L,D,W,W,D,D,D,D,L,W,D,D,L","W,W,D,W,D,D,L,L,L,W,D,W,L,W,D,D,D,W,D","L,D,W,L,L,W,W,D,D,D,L,L,L,D,W,D,L,D,L"
2021-2022,13,Brentford,38,13,7,18,48,56,-8,46,19,19,22,21,26,35,7,3,9,6,4,9,"L,W,W,L,D,W,W,W,L,W,W,L,L,D,L,L,L,L,L,W,L,L,W,D,L,W,D,L,L,L,L,W,D,W,L,D,D,W","L,W,D,W,W,L,D,L,L,W,L,W,W,L,L,L,D,L,W","W,L,W,W,L,W,L,L,L,L,L,D,L,D,L,W,W,D,D"
2021-2022,14,Aston Villa,38,13,6,19,52,54,-2,45,19,19,29,29,23,25,6,5,8,7,1,11,"L,D,D,L,W,W,D,L,L,L,L,W,W,W,L,L,D,W,D,L,L,W,L,W,L,W,W,L,L,L,L,L,W,W,L,D,W,L","D,D,L,W,L,L,W,L,D,D,L,W,L,W,L,L,W,D,W","L,W,D,L,L,W,W,L,W,L,W,L,W,L,L,L,W,L,L"
2021-2022,15,Southampton,38,9,13,16,43,67,-24,40,19,19,23,24,20,43,6,7,6,3,6,10,"L,L,L,L,D,L,W,L,D,L,L,L,W,W,D,W,D,L,W,D,W,D,L,D,D,L,L,W,W,D,W,L,L,D,D,D,D,L","L,L,W,L,L,L,W,W,D,W,D,D,D,W,D,W,L,D,D","L,L,D,L,D,L,D,W,L,W,D,L,L,L,W,L,D,D,L"
2021-2022,16,Everton,38,11,6,21,43,66,-23,39,19,19,27,25,16,41,9,2,8,2,4,13,"L,W,L,D,W,W,L,D,W,L,L,W,L,L,L,L,W,L,L,L,L,D,L,W,L,L,L,D,L,L,L,D,W,L,W,W,D,W","W,L,W,D,W,W,L,L,W,L,L,W,L,D,L,L,W,W,W","L,D,W,L,L,L,L,L,L,L,D,L,L,L,L,D,L,W,D"
2021-2022,17,Leeds,38,9,11,18,42,79,-37,38,19,19,19,38,23,41,4,6,9,5,5,9,"W,D,L,L,L,D,W,D,W,W,L,L,L,L,L,L,D,L,W,W,L,L,L,D,W,D,L,D,W,D,L,W,L,D,L,D,D,L","D,L,L,D,W,L,L,L,L,W,L,D,W,D,D,W,L,L,D","W,L,D,W,W,L,L,L,D,W,L,L,D,L,W,L,D,D,L"
2021-2022,18,Burnley,38,7,14,17,34,53,-19,35,19,19,18,25,16,28,5,6,8,2,8,9,"L,D,L,L,W,W,W,D,L,W,L,L,L,L,D,W,W,L,D,D,D,L,L,D,L,D,D,D,W,D,L,D,D,L,L,D,L,L","L,L,W,W,W,L,L,L,W,L,D,D,D,D,W,D,L,D,L","D,L,W,D,L,L,D,W,D,L,L,L,D,D,D,L,D,L,L"
2021-2022,19,Watford,38,6,5,27,34,77,-43,23,19,19,17,46,17,31,2,2,15,4,3,12,"L,L,D,L,L,L,L,L,L,W,L,L,D,L,W,L,L,D,L,D,L,L,L,L,L,L,W,L,L,W,L,L,D,W,L,L,L,W","L,D,L,L,L,L,L,L,L,L,L,L,L,W,L,L,D,L,W","L,L,L,L,W,L,D,W,L,D,D,L,L,L,W,L,W,L,L"
2021-2022,20,Norwich,38,5,7,26,23,84,-61,22,19,19,12,43,11,41,3,3,13,2,4,13,"L,D,L,L,L,L,L,W,D,L,L,L,L,L,L,D,W,W,L,L,L,L,L,L,D,D,W,W,L,L,D,D,L,L,L,L,L,L","L,L,L,W,L,L,L,D,W,L,L,L,D,W,L,D,L,L,L","D,L,L,L,D,L,L,L,W,L,L,L,D,W,L,D,L,L,L"
2022-2023,1,Man City,38,28,5,5,94,33,61,89,19,19,60,17,34,16,17,1,1,11,4,4,"L,D,W,W,W,W,W,W,W,W,W,W,W,W,D,W,W,L,W,W,L,W,D,W,L,W,W,W,L,W,W,W,D,W,W,D,W,W","W,W,W,W,W,W,W,W,W,W,D,L,W,W,W,W,W,W,W","L,D,W,W,W,W,W,D,W,L,L,W,W,W,L,W,D,D,W"
2022-2023,2,Arsenal,38,26,6,6,88,43,45,84,19,19,53,25,35,18,14,3,2,12,3,4,"W,L,L,W,W,L,D,D,D,W,W,W,W,W,W,W,L,D,L,W,W,D,W,W,W,W,W,D,W,W,W,W,L,W,W,W,W,W","W,L,W,D,W,W,W,W,L,D,W,D,W,W,W,W,W,W,W","L,W,L,D,D,W,W,W,L,W,W,W,W,D,W,W,L,W,W"
2022-2023,3,Man Utd,38,23,6,9,58,43,15,75,19,19,36,10,22,33,15,3,1,8,3,8,"W,W,W,W,L,L,W,D,W,W,W,L,D,L,W,W,D,W,L,D,W,W,W,W,W,L,W,D,W,D,W,L,W,W,W,W,L,L","W,W,W,W,W,W,D,W,D,W,W,W,W,W,W,D,W,W,L","W,L,L,D,W,L,L,W,L,D,W,W,L,D,W,L,W,W,L"
2022-2023,4,Newcastle,38,19,14,5,68,33,35,71,19,19,36,14,32,19,11,6,2,8,8,3,"D,D,W,D,L,W,W,W,L,W,W,W,W,W,L,L,D,D,D,W,D,D,W,W,W,W,W,W,D,W,W,D,D,L,D,D,D,W","D,W,L,W,W,W,W,L,D,W,D,W,W,W,W,D,D,D,W","D,D,W,L,W,W,W,L,D,D,D,W,W,W,D,W,L,D,D"
2022-2023,5,Liverpool,38,19,10,9,75,47,28,67,19,19,46,17,29,30,13,5,1,6,5,8,"D,D,W,W,W,W,W,W,W,D,D,L,L,W,W,D,W,W,L,D,L,L,W,W,W,W,L,L,W,W,L,D,D,W,W,L,D,D","D,W,W,W,W,D,W,W,W,D,W,W,L,W,W,D,W,W,D","D,W,W,W,D,L,L,D,W,L,L,L,W,W,L,L,D,L,D"
2022-2023,6,Brighton,38,18,8,12,72,53,19,62,19,19,37,21,35,32,10,4,5,8,4,7,"L,D,W,L,W,L,W,W,L,W,L,W,D,W,D,W,L,D,W,D,W,W,L,W,L,W,W,L,D,L,L,D,W,L,W,W,D,W","D,W,L,W,W,D,W,W,L,W,W,L,L,W,D,L,W,W,D","L,L,W,L,W,L,W,D,D,D,W,W,W,L,L,D,L,W,W"
2022-2023,7,Aston Villa,38,18,7,13,51,46,5,61,19,19,33,21,18,25,12,2,5,6,5,8,"W,D,W,L,L,W,D,W,W,W,W,W,D,W,W,L,L,L,W,W,D,W,L,W,W,L,W,L,L,D,D,W,D,L,L,L,W,L","W,W,W,W,W,W,W,L,L,W,D,L,W,W,L,W,D,L,W","D,L,L,D,W,W,D,W,L,W,W,W,L,L,D,D,L,L,L"
2022-2023,8,Spurs,38,18,6,14,70,63,7,60,19,19,37,25,33,38,12,1,6,6,5,8,"W,L,L,W,L,D,L,L,W,D,D,W,L,W,W,L,W,W,L,L,W,L,D,W,L,W,L,L,W,W,L,W,W,D,W,W,D,W","L,W,D,L,W,W,W,W,W,L,L,W,L,L,W,W,W,W,W","W,L,L,L,D,D,L,L,W,L,W,D,W,L,W,L,D,W,D"
2022-2023,9,Brentford,38,15,14,9,58,46,12,59,19,19,35,18,23,28,10,7,2,5,7,7,"W,W,W,L,W,W,D,L,L,L,D,D,W,L,W,D,D,W,D,W,W,W,D,W,D,D,L,D,W,L,D,L,W,D,D,L,W,D","W,W,W,D,L,D,W,D,W,W,W,D,D,D,W,L,W,D,W","W,L,W,L,L,D,W,L,D,D,W,W,D,L,L,D,D,L,D"
2022-2023,10,Fulham,38,15,7,16,55,53,2,52,19,19,31,29,24,24,8,5,6,7,2,10,"L,D,W,W,L,L,L,W,W,L,L,L,L,D,W,W,D,L,L,W,W,W,W,L,L,D,W,W,D,L,L,W,L,W,L,W,D,D","D,W,L,W,L,L,D,W,L,W,W,L,D,W,D,L,W,W,D","L,W,L,L,W,L,L,W,D,L,W,W,L,W,L,W,L,L,D"
2022-2023,11,Crystal Palace,38,11,12,15,40,49,-9,45,19,19,21,23,19,26,7,7,5,4,5,10,"D,D,W,L,W,L,D,W,W,W,L,L,L,L,D,D,D,L,D,D,L,L,W,L,L,W,W,L,W,D,W,L,D,D,L,W,D,L","D,W,W,D,W,L,D,D,D,D,L,L,W,W,W,L,D,W,L","D,L,L,W,W,L,L,L,D,L,L,W,L,W,L,D,D,L,D"
2022-2023,12,Chelsea,38,11,11,16,38,47,-9,44,19,19,20,19,18,28,6,7,6,5,4,10,"D,L,L,D,W,L,L,L,L,D,L,D,W,W,L,L,D,D,D,W,L,L,D,W,L,L,L,D,D,W,W,W,W,L,W,L,D,W","D,D,L,L,D,L,D,W,L,D,W,L,W,L,D,W,W,W,D","L,L,W,L,L,W,L,D,D,L,D,L,L,D,W,W,L,L,W"
2022-2023,13,Wolves,38,11,8,19,31,58,-27,41,19,19,19,20,12,38,9,3,7,2,5,12,"L,D,L,W,L,W,L,W,W,D,L,L,W,L,D,L,W,W,L,W,D,L,W,L,L,D,L,L,W,L,L,L,W,D,D,L,D,L","D,W,W,W,W,L,W,L,W,W,L,L,L,L,W,L,W,D,D","L,L,L,L,D,L,L,D,W,L,D,W,D,L,L,L,D,L,L"
2022-2023,14,West Ham,38,11,7,20,42,55,-13,40,19,19,26,24,16,31,8,4,7,3,3,13,"L,W,L,W,L,L,L,W,D,W,L,W,D,L,W,L,D,D,W,L,D,L,L,L,L,L,W,L,D,W,W,L,L,D,W,L,L,L","W,W,L,D,L,W,D,W,D,W,L,L,L,W,W,W,D,L,L","L,L,L,L,W,W,L,L,D,L,D,L,L,L,D,L,L,W,L"
2022-2023,15,Bournemouth,38,11,6,21,37,71,-34,39,19,19,20,28,17,43,6,4,9,5,2,12,"L,L,L,L,W,W,L,W,W,L,W,L,W,L,L,W,D,L,D,L,L,L,L,W,L,L,L,L,D,W,D,D,W,D,L,L,L,W","L,L,W,L,L,W,W,L,D,D,L,W,L,L,W,D,D,L,W","L,L,W,W,W,L,L,W,L,L,L,L,L,L,D,D,W,L,L"
2022-2023,16,Nott'm Forest,38,9,11,18,38,68,-30,38,19,19,27,24,11,44,8,6,5,1,5,13,"D,W,D,W,L,W,L,L,L,L,D,L,L,D,L,D,L,W,D,W,W,D,L,W,D,L,W,D,L,D,L,L,L,L,L,D,W,L","W,W,W,L,D,L,D,D,W,W,D,W,D,W,D,L,L,L,W","D,D,L,L,L,L,L,L,L,D,W,L,L,D,L,L,L,D,L"
2022-2023,17,Everton,38,8,12,18,34,57,-23,36,19,19,16,27,18,30,6,3,10,2,9,8,"W,D,L,W,D,L,D,L,L,D,D,W,D,L,L,W,L,W,L,L,L,D,L,L,L,D,W,L,L,L,W,W,D,D,D,D,L,L","W,L,L,L,D,W,L,W,W,L,L,L,L,W,L,W,D,D,L","D,W,D,D,L,D,D,L,L,L,D,L,D,L,L,W,D,D,L"
2022-2023,18,Leicester,38,9,7,22,51,68,-17,34,19,19,23,27,28,41,5,4,10,4,3,12,"W,D,L,L,D,D,W,L,L,L,L,D,L,L,L,L,W,W,D,L,L,L,L,W,W,L,W,W,D,L,W,L,L,L,L,L,L,D","W,L,D,W,L,L,L,L,W,D,L,L,L,W,D,W,L,L,D","D,L,D,L,L,D,L,L,W,L,L,W,W,W,L,L,L,L,L"
2022-2023,19,Leeds,38,7,10,21,48,78,-30,31,19,19,26,37,22,41,5,7,7,2,3,14,"L,L,D,L,L,D,L,L,L,W,L,W,D,L,W,L,L,D,L,D,L,D,D,L,L,W,W,L,L,L,L,D,L,D,L,W,D,W","L,D,D,L,L,W,D,W,L,D,D,L,W,L,L,D,D,W,W","L,L,L,L,L,W,L,L,D,L,L,D,L,W,L,L,L,L,D"
2022-2023,20,Southampton,38,6,7,25,36,73,-37,25,19,19,19,37,17,36,2,5,12,4,2,13,"D,L,L,L,L,L,D,L,L,L,D,L,D,W,L,W,L,L,L,W,L,L,L,L,L,L,D,W,D,L,L,L,L,W,L,W,D,L","D,L,L,L,L,D,L,W,L,L,L,L,L,D,D,L,W,L,D","L,L,L,D,L,D,L,W,L,W,L,L,L,W,L,L,L,W,L"
2023-2024,1,Man City,38,28,7,3,96,34,62,91,19,19,51,16,45,18,14,5,0,14,2,3,"W,W,W,W,W,W,W,W,W,D,D,W,W,W,D,W,W,W,W,W,W,D,W,L,D,D,D,W,W,W,L,L,W,W,W,W,W,W","W,W,W,W,D,W,W,D,W,W,W,D,D,D,W,W,W,W,W","W,W,W,W,W,D,W,W,W,W,W,L,D,W,L,L,W,W,W"
2023-2024,2,Arsenal,38,28,5,5,91,29,62,89,19,19,48,16,43,13,15,2,2,13,3,3,"W,W,W,W,W,W,L,W,W,D,W,W,W,W,W,W,W,W,L,L,D,W,L,W,W,W,W,L,W,D,W,W,D,W,W,D,W,W","W,W,W,L,W,W,W,W,W,L,W,W,W,W,W,D,W,D,W","W,W,W,W,D,W,W,W,W,L,D,L,W,W,L,D,W,W,W"
2023-2024,3,Liverpool,38,24,10,4,86,41,45,82,19,19,49,17,37,24,15,3,1,9,7,3,"W,D,W,D,L,W,L,D,W,W,D,W,W,W,W,L,W,W,W,W,D,D,W,W,W,D,W,D,W,W,D,L,W,W,W,W,W,D","W,W,L,W,W,D,W,W,W,W,D,D,W,W,W,W,W,W,W","D,D,L,W,D,W,W,L,W,W,W,W,D,D,D,L,W,W,D"
2023-2024,4,Aston Villa,38,20,8,10,76,61,15,68,19,19,48,28,28,33,12,4,3,8,4,7,"L,D,L,D,W,W,D,L,W,D,L,W,W,W,L,W,L,D,W,L,D,W,W,W,D,W,W,L,W,W,D,W,W,W,L,W,W,L","D,D,W,D,W,L,W,L,L,W,D,W,W,W,W,W,W,W,W","L,L,W,L,D,W,W,W,D,L,W,D,W,L,D,W,L,W,L"
2023-2024,5,Spurs,38,20,6,12,74,61,13,66,19,19,38,27,36,34,13,0,6,7,6,6,"W,L,W,L,L,L,L,W,D,W,L,W,W,L,W,D,W,D,W,L,W,W,W,L,D,L,L,L,W,W,W,W,D,W,W,W,W,D","L,W,L,W,W,W,L,W,W,W,W,W,L,L,L,W,W,W,W","W,L,L,L,D,L,W,D,D,L,W,D,L,W,W,D,W,W,D"
2023-2024,6,Chelsea,38,18,9,11,77,63,14,63,19,19,44,26,33,37,11,4,4,7,5,7,"W,W,W,W,W,D,L,W,D,W,D,W,D,D,W,L,L,W,W,W,L,W,L,L,W,L,D,W,L,D,W,W,L,D,L,W,L,D","W,W,W,W,W,D,W,L,W,W,W,W,D,L,D,L,L,W,D","W,W,D,L,D,D,D,W,L,W,L,L,L,L,W,W,W,D,L"
2023-2024,7,Newcastle,38,18,6,14,85,62,23,60,19,19,49,22,36,40,12,4,3,6,2,11,"W,L,D,W,W,L,W,W,D,W,L,W,L,D,W,D,W,L,L,L,L,W,L,L,W,W,L,W,D,W,D,W,W,W,L,L,L,W","D,W,W,D,W,W,D,D,L,L,W,W,W,W,W,W,W,L,W","W,L,W,L,W,L,L,W,W,L,L,L,L,L,D,D,W,L,L"
2023-2024,8,Man Utd,38,18,6,14,57,58,-1,60,19,19,31,28,26,30,10,3,6,8,3,8,"W,W,L,L,D,W,D,D,L,D,W,L,L,W,W,W,W,D,L,W,L,D,L,W,L,W,W,W,L,W,W,L,W,L,L,W,L,W","W,L,D,W,D,W,L,W,D,W,L,W,W,L,W,L,L,W,W","W,L,D,L,D,L,W,W,W,L,L,D,L,W,W,W,W,L,L"
2023-2024,9,West Ham,38,14,10,14,60,74,-14,52,19,19,31,28,29,46,7,8,4,7,2,10,"L,W,L,D,L,L,W,D,L,D,D,W,W,L,L,L,D,D,D,W,W,W,L,W,D,W,W,L,L,L,D,W,L,L,W,W,W,D","W,D,L,D,D,D,W,L,D,D,W,W,D,W,L,D,W,L,W","L,L,L,W,L,W,L,L,D,W,L,W,W,L,L,L,W,W,D"
2023-2024,10,Crystal Palace,38,13,10,15,57,58,-1,49,19,19,37,26,20,32,8,4,7,5,6,8,"W,W,W,D,W,W,W,L,L,D,D,L,W,D,L,L,W,L,W,L,D,D,L,L,D,L,L,W,L,L,D,W,D,L,W,D,L,W","W,W,W,W,L,D,W,L,W,W,D,L,L,L,L,D,D,W,L","W,D,W,L,D,L,D,L,L,L,D,D,L,W,L,W,L,D,W"
2023-2024,11,Brighton,38,12,12,14,55,62,-7,48,19,19,30,27,25,35,8,6,5,4,6,9,"L,L,D,W,L,L,D,L,D,L,W,L,D,W,L,W,L,D,D,W,D,L,D,W,L,W,D,D,D,L,D,L,W,W,W,L,W,W","L,L,W,L,L,W,D,W,D,W,D,W,D,D,D,W,W,L,W","D,L,D,D,L,L,W,L,L,D,D,L,L,W,D,L,L,W,W"
2023-2024,12,Everton,38,13,9,16,40,51,-11,48,19,19,22,18,18,33,8,4,7,5,5,9,"L,W,D,W,W,W,L,W,D,L,L,L,D,D,L,D,D,D,L,L,L,W,W,W,W,L,W,D,W,L,W,L,W,L,D,L,L,L","W,W,W,W,W,L,D,D,D,L,W,W,L,D,W,L,L,L,L","L,D,L,D,L,L,D,L,D,L,L,W,W,W,W,L,W,D,L"
2023-2024,13,Bournemouth,38,13,9,16,54,67,-13,48,19,19,27,28,27,39,7,6,6,6,3,10,"L,L,L,W,W,L,D,L,W,W,W,D,W,L,D,L,D,D,L,L,W,W,W,W,D,W,W,L,W,L,L,L,L,D,D,L,L,D","L,W,D,W,W,W,D,L,D,L,W,D,W,W,L,L,D,L,D","L,L,W,L,L,W,D,L,D,L,W,W,W,W,L,L,L,D,L"
2023-2024,14,Fulham,38,13,8,17,55,61,-6,47,19,19,31,24,24,37,9,2,8,4,6,9,"W,L,D,D,L,W,L,L,D,W,L,W,W,L,W,D,D,L,W,L,L,L,W,W,L,W,L,L,D,L,W,L,D,W,L,D,L,W","L,D,L,L,W,W,L,W,D,W,L,W,W,W,L,W,L,W,L","W,D,W,L,D,L,W,D,L,L,L,L,L,D,L,D,L,D,W"
2023-2024,15,Wolves,38,13,7,18,50,65,-15,46,19,19,26,30,24,35,8,3,8,5,4,10,"L,L,L,W,L,L,D,L,D,L,W,L,W,W,L,W,L,D,W,W,W,L,D,W,L,L,W,L,D,W,D,W,D,L,L,W,L,L","L,W,L,L,L,W,W,L,L,W,W,D,W,W,D,D,W,L,L","L,L,D,D,L,L,W,W,D,W,L,L,L,L,W,D,L,W,L"
2023-2024,16,Brentford,38,10,9,19,56,65,-9,39,19,19,29,34,27,31,5,7,7,5,2,12,"L,W,D,L,W,W,D,D,D,L,L,D,L,L,L,W,L,L,W,L,L,L,L,L,W,L,L,W,W,W,L,D,L,L,D,D,W,D","L,D,W,D,D,D,L,L,W,L,L,W,L,W,W,L,D,D,D","W,L,W,D,L,L,L,L,W,L,L,L,L,L,W,L,D,L,W"
2023-2024,17,Nott'm Forest,38,9,9,20,49,67,-18,36,19,19,27,30,22,37,5,5,9,4,4,11,"W,L,W,L,L,D,L,W,D,D,L,L,L,W,L,D,L,L,W,W,L,L,D,L,L,L,L,W,L,D,D,D,L,D,W,L,W,L","L,L,D,W,D,L,W,L,L,W,L,L,L,L,W,D,D,D,W","W,W,L,L,D,L,L,D,L,W,D,L,L,L,D,L,W,L,L"
2023-2024,18,Luton,38,6,8,24,52,85,-33,26,19,19,28,37,24,48,4,4,11,2,4,13,"L,L,D,L,L,L,W,L,L,D,L,D,L,L,L,L,D,W,D,L,W,W,L,L,L,W,L,D,L,D,L,L,W,D,L,L,L,L","L,D,L,W,D,L,L,L,W,L,W,L,L,W,D,L,L,D,L","L,L,L,L,L,L,D,L,D,D,W,L,L,L,D,W,L,L,L"
2023-2024,19,Burnley,38,5,9,24,41,78,-37,24,19,19,19,43,22,35,2,4,13,3,5,11,"L,L,L,D,W,D,L,D,D,W,D,L,L,L,L,D,L,D,L,L,W,L,D,L,W,L,L,L,L,L,L,W,L,L,D,L,L,L","L,L,D,D,W,L,L,D,D,L,L,W,L,L,L,L,L,L,L","L,D,W,L,D,D,L,L,L,L,W,D,L,L,L,L,W,L,D"
2023-2024,20,Sheffield Utd,38,3,7,28,35,104,-69,16,19,19,19,57,16,47,2,4,13,1,3,15,"L,L,L,L,L,L,L,D,L,D,D,L,L,L,W,L,L,D,L,L,D,L,W,L,L,L,D,W,L,L,L,L,L,L,D,L,L,L","L,L,L,D,D,L,L,L,D,L,W,L,L,W,L,L,D,L,L","L,L,L,L,L,D,L,W,L,L,D,L,L,D,L,L,L,L,L"
2024-2025,1,Liverpool,38,25,9,4,86,41,45,84,19,19,42,16,44,25,14,4,1,11,5,3,"D,L,D,L,W,W,W,L,W,W,W,W,D,W,D,W,W,W,D,D,W,W,W,D,D,W,W,W,W,D,W,W,W,W,L,W,W,W","D,D,W,W,W,W,W,W,W,D,W,D,W,W,W,W,W,L,W","L,L,W,L,W,D,D,W,W,D,W,W,D,W,D,W,W,W,W"
2024-2025,2,Arsenal,38,20,14,4,69,34,35,74,19,19,35,17,34,17,11,6,2,9,8,2,"W,W,D,L,D,W,D,D,W,W,D,D,L,W,W,W,D,W,D,W,W,W,D,D,W,W,W,D,L,D,L,W,W,D,W,D,W,W","W,L,D,D,W,W,L,W,D,W,W,D,W,W,D,W,W,D,W","W,D,W,D,D,D,W,W,D,W,W,D,W,D,L,L,D,W,W"
2024-2025,3,Man City,38,21,8,9,72,44,28,71,19,19,43,23,29,21,13,3,3,8,5,6,"W,W,D,W,W,W,W,D,W,D,L,W,L,W,L,W,W,D,W,W,D,L,L,D,W,L,L,L,L,W,W,W,D,D,W,W,W,W","W,W,W,W,W,D,L,W,W,W,D,L,W,L,W,W,D,W,W","W,D,W,D,L,W,L,W,D,W,L,D,L,L,L,W,D,W,W"
2024-2025,4,Chelsea,38,20,9,9,64,43,21,69,19,19,35,18,29,25,12,5,2,8,4,7,"W,W,L,W,W,W,D,D,W,L,W,W,L,L,W,L,W,D,D,L,L,D,W,W,W,W,W,D,D,W,L,D,W,W,W,D,W,L","W,W,W,D,W,W,W,W,W,D,L,W,W,D,W,D,W,D,L","W,L,W,D,L,L,L,L,D,L,D,W,W,W,D,L,W,W,W"
2024-2025,5,Newcastle,38,20,6,12,68,47,21,66,19,19,40,20,28,27,12,2,5,8,4,7,"L,L,W,D,W,L,W,W,W,W,W,L,W,L,L,W,L,W,W,W,W,W,W,L,D,D,L,W,W,L,L,D,D,L,W,W,D,W","L,W,W,W,W,W,W,L,L,W,W,W,D,L,W,L,D,W,W","L,D,L,W,W,L,L,W,W,W,W,L,D,W,L,D,L,W,D"
2024-2025,6,Aston Villa,38,19,9,10,58,51,7,66,19,19,34,20,24,31,11,7,1,8,2,9,"L,W,W,W,L,W,W,W,W,W,L,W,D,D,L,D,D,W,W,D,L,W,L,W,W,L,D,L,L,D,W,D,D,W,W,W,L,W","W,W,W,W,W,D,D,D,W,D,W,W,W,D,D,D,W,W,L","L,W,L,W,W,W,L,L,D,W,L,L,L,L,L,W,D,W,W"
2024-2025,7,Nott'm Forest,38,19,8,11,58,46,12,65,19,19,26,16,32,30,9,5,5,10,3,6,"L,W,D,D,L,W,L,L,W,W,W,D,L,L,W,L,W,D,W,W,W,W,W,W,L,W,L,L,W,W,W,D,L,D,W,D,W,D","L,D,L,L,W,W,D,W,W,D,W,W,W,L,W,W,L,D,D","W,D,W,L,W,L,L,L,W,W,W,W,L,L,W,D,D,W,W"
2024-2025,8,Brighton,38,16,13,9,66,59,7,61,19,19,30,26,36,33,8,8,3,8,5,6,"W,W,W,D,W,L,D,L,L,D,W,W,W,W,L,L,W,W,D,D,D,D,L,D,L,D,W,W,L,D,W,W,L,D,D,D,W,W","W,D,W,D,L,W,W,W,L,D,D,L,D,W,D,W,D,D,W","W,W,L,L,D,W,L,W,W,D,D,D,L,W,L,W,L,D,W"
2024-2025,9,Bournemouth,38,15,11,12,58,46,12,56,19,19,23,16,35,30,8,4,7,7,7,5,"W,L,L,W,D,D,W,D,L,L,D,L,L,W,L,W,W,D,W,D,D,W,D,W,W,W,L,L,W,D,W,L,W,L,L,W,D,D","W,L,D,W,L,L,L,L,W,W,D,D,W,L,W,W,W,L,D","L,W,D,D,D,L,W,W,D,D,W,W,W,L,D,L,L,W,D"
2024-2025,10,Brentford,38,16,8,14,66,57,9,56,19,19,40,35,26,22,9,4,6,7,4,8,"D,L,W,W,W,W,D,D,L,W,L,D,W,W,L,W,L,D,W,L,D,L,L,W,L,W,D,W,L,W,L,W,D,L,L,W,L,W","L,W,W,D,L,D,L,L,D,L,L,W,W,W,W,W,D,W,W","D,W,W,D,L,W,W,W,W,W,D,L,L,D,L,L,L,L,L"
2024-2025,11,Fulham,38,15,9,14,54,54,0,54,19,19,27,30,27,24,7,5,7,8,4,7,"L,W,L,L,W,L,L,W,L,W,L,W,L,W,W,L,W,L,D,D,W,D,D,D,W,D,L,W,W,D,L,L,W,W,D,D,W,L","L,L,L,W,W,L,W,L,D,D,D,D,W,L,W,L,W,D,W","W,L,W,L,L,L,W,W,W,L,W,D,D,W,D,L,W,D,L"
2024-2025,12,Crystal Palace,38,13,14,11,51,51,0,53,19,19,24,26,27,25,6,7,6,7,7,5,"D,W,W,D,D,D,L,L,W,D,W,W,W,L,W,L,W,W,D,W,D,L,W,D,W,D,D,L,D,W,L,L,L,D,D,D,L,L","W,D,D,W,W,W,L,L,D,W,L,D,D,L,W,L,D,D,L","D,W,D,L,L,D,W,W,W,W,D,W,W,D,D,L,L,D,L"
2024-2025,13,Everton,38,11,15,12,42,44,-2,48,19,19,26,23,16,21,5,9,5,6,6,7,"W,W,W,D,L,L,W,D,L,D,D,D,D,W,D,W,W,W,L,L,L,D,D,D,W,L,D,D,L,D,W,D,W,D,L,L,L,L","W,D,L,D,D,D,D,W,W,L,L,D,W,D,D,D,W,L,L","W,W,L,W,L,D,D,W,W,L,D,D,L,D,L,W,D,L,L"
2024-2025,14,West Ham,38,11,10,17,46,62,-16,43,19,19,23,34,23,28,5,5,9,6,5,8,"W,L,W,D,L,D,L,D,L,D,L,W,W,L,L,D,L,W,L,L,W,D,D,W,L,L,W,D,L,W,L,W,D,L,D,L,W,L","L,D,D,D,L,W,L,L,W,L,D,W,L,D,W,W,L,L,L","W,W,L,L,L,D,W,L,D,L,W,D,L,W,L,L,D,D,W"
2024-2025,15,Man Utd,38,11,9,18,44,54,-10,42,19,19,23,28,21,26,7,3,9,4,6,9,"W,L,L,L,D,L,L,D,L,W,D,W,D,L,L,W,L,W,D,L,L,L,W,L,L,W,D,W,D,L,W,D,L,D,W,L,L,W","W,L,L,D,D,W,L,L,W,L,L,L,W,W,D,W,L,L,W","L,L,D,L,L,W,D,L,W,D,L,W,L,D,L,D,D,W,L"
2024-2025,16,Wolves,38,12,6,20,54,69,-15,42,19,19,27,32,27,37,6,3,10,6,3,10,"D,L,L,L,W,W,W,W,W,W,D,L,W,L,W,L,L,L,L,D,W,W,L,L,L,L,W,W,D,D,L,L,L,L,L,D,L,L","D,L,W,W,W,D,L,W,L,L,W,L,L,W,D,L,L,L,L","L,L,W,W,W,W,L,L,L,D,W,L,L,W,D,L,L,D,L"
2024-2025,17,Spurs,38,11,5,22,64,65,-1,38,19,19,35,35,29,30,6,3,10,5,2,12,"L,L,L,D,L,L,L,W,L,L,D,L,W,W,W,L,L,L,L,D,L,L,W,L,L,D,W,L,W,L,W,L,W,W,L,L,W,D","L,L,L,W,D,L,W,L,L,D,L,L,D,L,W,W,W,L,W","L,D,L,L,L,L,W,W,L,L,L,W,L,W,L,L,W,L,D"
2024-2025,18,Leicester,38,6,7,25,33,80,-47,25,19,19,15,34,18,46,4,3,12,2,4,13,"L,W,D,W,L,L,D,L,L,L,L,L,L,L,L,W,L,L,L,L,L,L,L,D,W,L,L,L,D,L,W,W,L,D,D,L,L,D","W,W,L,L,L,L,L,L,L,L,L,D,W,L,L,W,D,L,D","L,D,L,D,L,L,L,L,W,L,L,L,L,L,D,W,L,D,L"
2024-2025,19,Ipswich,38,4,10,24,36,82,-46,22,19,19,14,44,22,38,1,4,14,3,6,10,"L,L,L,D,L,L,D,L,W,L,L,L,L,D,L,L,L,L,D,W,L,L,W,L,L,L,D,W,D,L,L,L,D,D,D,D,L,L","L,L,L,L,L,L,L,L,L,W,L,L,L,D,D,L,D,D,L","L,D,L,D,W,L,L,D,L,D,L,W,L,W,L,L,D,D,L"
2024-2025,20,Southampton,38,2,6,30,26,86,-60,12,19,19,13,47,13,39,1,3,15,1,3,15,"L,L,D,L,L,D,L,L,D,L,L,L,L,L,W,L,L,L,L,L,L,D,L,L,L,D,L,L,W,L,L,L,L,D,L,L,L,L","L,D,L,L,D,L,L,L,L,L,L,L,L,L,W,L,D,L,L","L,L,D,L,L,L,W,L,L,L,D,L,D,L,L,L,L,L,L"
